1.041678024454014695e-01 7.092202176607029287e+03
1.128508188806822687e-01 1.004326180594265315e+04
1.222576172586115478e-01 7.633217591177031863e+03
1.324485291821994870e-01 6.423634855071167294e+03
1.434889152585074323e-01 6.332381762397587408e+03
1.554495842965556152e-01 5.112351614913119192e+03
1.684072474479121062e-01 4.528918026784811445e+03
1.824450102026468346e-01 4.163718666019976808e+03
1.976529053961245397e-01 3.761562141073995917e+03
2.141284706451379583e-01 4.133192911771852778e+03
2.319773739168355664e-01 3.519756344296309635e+03
2.513140912426035101e-01 3.757899153150432994e+03
2.722626409234988887e-01 3.331203308969787486e+03
2.949573789361472631e-01 2.836585385833470809e+03
3.195438606405328619e-01 3.190212366237854894e+03
3.461797743163455565e-01 2.616141485460026161e+03
3.750359525152293649e-01 2.637588505919592990e+03
4.062974677153580738e-01 2.199725385378421379e+03
4.401648193054478186e-01 2.008680023270906759e+03
4.768552195110665748e-01 1.893146619864308150e+03
5.166039865106800688e-01 1.724229064991850919e+03
5.596660536763471416e-01 1.721434173100781663e+03
6.063176046187563895e-01 1.442569462316602312e+03
6.568578445231565421e-01 1.334088347060291198e+03
7.116109191368515940e-01 1.257571359492577812e+03
7.709279937159104756e-01 1.131317277134720371e+03
8.351895052646627349e-01 9.963682241079382038e+02
9.048076025129765387e-01 8.589921610106631533e+02
9.802287892804049108e-01 7.912862071680219742e+02
1.061936788180720459e+00 6.854276119092946828e+02
1.150455643033548192e+00 6.157674130004169228e+02
1.246353079880770487e+00 4.705707042246449987e+02
1.350244148163984859e+00 4.258622791279731814e+02
1.462795165416121979e+00 4.281767367187492823e+02
1.584727990766976902e+00 3.655862618917808504e+02
1.716824654671271766e+00 3.287807000650653322e+02
1.859932374552560663e+00 3.076453594064205959e+02
2.014968988531390615e+00 2.916855186964456834e+02
2.182928842087575205e+00 2.536630191961654646e+02
2.364889165411374616e+00 2.336185521094493538e+02
2.562016982345473259e+00 2.205366273466740097e+02
2.775576595229063859e+00 2.148066416403278822e+02
3.006937693648958909e+00 2.039426210401414608e+02
3.257584139104158005e+00 2.001658071955000082e+02
3.529123481925344308e+00 1.778613304884116246e+02
3.823297271487187121e+00 1.743713950499253542e+02
4.141992225839207009e+00 1.510811859956639580e+02
4.487252332392937859e+00 1.473205468229510018e+02
4.861291957274552544e+00 1.359974980597779108e+02
5.266510047421339102e+00 1.224221309980645742e+02
5.705505516508819319e+00 1.151406264559259824e+02
6.181093913387958771e+00 1.103195919549021653e+02
6.696325479937446090e+00 9.285048946245798618e+01
7.254504714147193667e+00 1.027119495644951428e+02
7.859211563903175879e+00 8.625172567322725570e+01
8.514324387402437466e+00 7.800338784871622977e+01
9.224044827457579032e+00 7.288880663116454173e+01
9.992924759224987241e+00 6.931323189815906005e+01
1.082589548418919634e+01 6.084275635445893471e+01
1.172829935764248432e+01 5.379250910823294163e+01
1.270592405250613766e+01 5.039355724625978894e+01
1.376503967924854344e+01 4.892535532429385370e+01
1.491243899997294697e+01 4.323225256237863334e+01
1.615548099459269338e+01 3.712543808877565255e+01
1.750213805851070603e+01 3.409820174892520583e+01
1.896104713451100210e+01 2.695510125993862260e+01
2.054156510680275005e+01 2.678427444650843015e+01
2.225382881249286271e+01 2.363773267793339983e+01
2.410882005537792594e+01 2.137557018350787175e+01
2.611843603902888233e+01 1.827930800864712424e+01
2.829556567089940700e+01 1.551791844620714222e+01
3.065417222684324372e+01 1.054365933818743351e+01
3.320938290621914035e+01 9.258242033512773972e+00
3.597758585195541059e+01 8.702115088278738142e+00
3.897653525782382644e+01 8.017355471526771638e+00
4.222546523704050969e+01 6.252094244210984364e+00
4.574521318250354085e+01 5.654342244194067391e+00
4.955835340985252913e+01 2.486276442863180502e+00
5.368934194048559050e+01 7.761093847200757345e-01
5.816467335311659781e+01 6.636712298917905040e-01
6.301305070985853263e+01 1.053104628791687203e+00
6.826556964667361171e+01 8.669363292260958698e-01
7.395591780887622235e+01 -7.751188109174492191e-02
8.012059091079107986e+01 2.948068180321753440e-01
8.679912680529118063e+01 -7.431535338689893022e-02
9.403435906444725845e+01 -7.069206727245207489e-01
1.018726916976584960e+02 -8.969858612966654654e-01
1.103643967692010932e+02 -1.019669763620467018e+00
1.195639368239997538e+02 -4.505191741024793806e-01
1.295303141895375916e+02 -6.546258448457668022e-01
1.403274493941930530e+02 -4.841730227966045130e-01
1.520245911290344054e+02 -4.127005462630884969e-01
1.646967603824093374e+02 -3.348339469407656255e-01
1.784252315958393922e+02 -5.768592731556940745e-01
1.932980539271686098e+02 -6.366305355857226900e-01
2.094106159641486329e+02 -5.281903884173204666e-01
2.268662575103167285e+02 3.870980457562584603e-02
2.457769323669282358e+02 -1.599377806758988108e-01
2.662639263617712686e+02 5.473256218357465119e-01
2.884586352300269709e+02 -5.460751460084883879e-01
