1.041678024454014695e-01 5.827409591203345371e+03
1.128508188806822687e-01 5.921533797663164478e+03
1.222576172586115478e-01 4.969765021512046587e+03
1.324485291821994870e-01 5.005242253259978497e+03
1.434889152585074323e-01 5.074958633924011338e+03
1.554495842965556152e-01 4.031012417145673680e+03
1.684072474479121062e-01 3.781358553469658546e+03
1.824450102026468346e-01 3.516756807369716626e+03
1.976529053961245397e-01 3.118426599495117443e+03
2.141284706451379583e-01 3.287420928999390981e+03
2.319773739168355664e-01 2.978044279737818215e+03
2.513140912426035101e-01 2.954053798464823558e+03
2.722626409234988887e-01 2.581008982411375200e+03
2.949573789361472631e-01 2.359637760584241732e+03
3.195438606405328619e-01 2.364775570824426723e+03
3.461797743163455565e-01 1.911458695254829536e+03
3.750359525152293649e-01 1.910484062457612254e+03
4.062974677153580738e-01 1.687299168598358847e+03
4.401648193054478186e-01 1.605677610402047094e+03
4.768552195110665748e-01 1.515804613804561313e+03
5.166039865106800688e-01 1.345175702951088169e+03
5.596660536763471416e-01 1.281987653175176092e+03
6.063176046187563895e-01 1.253723694232825437e+03
6.568578445231565421e-01 1.078370107055702647e+03
7.116109191368515940e-01 9.801241892737848502e+02
7.709279937159104756e-01 8.544518766459808603e+02
8.351895052646627349e-01 7.623553508085059320e+02
9.048076025129765387e-01 6.657973058222472673e+02
9.802287892804049108e-01 6.039551056674939673e+02
1.061936788180720459e+00 5.437882691209911172e+02
1.150455643033548192e+00 4.456856913168461460e+02
1.246353079880770487e+00 4.100282660480099821e+02
1.350244148163984859e+00 3.505429478685632603e+02
1.462795165416121979e+00 3.215944097512243616e+02
1.584727990766976902e+00 3.137731394285462443e+02
1.716824654671271766e+00 2.788226527376705235e+02
1.859932374552560663e+00 2.696807274068756328e+02
2.014968988531390615e+00 2.293157254217224192e+02
2.182928842087575205e+00 2.192911560352015101e+02
2.364889165411374616e+00 2.063118066846720069e+02
2.562016982345473259e+00 1.998108873264821739e+02
2.775576595229063859e+00 1.877697598705184419e+02
3.006937693648958909e+00 1.783186476871373713e+02
3.257584139104158005e+00 1.753498433568209975e+02
3.529123481925344308e+00 1.571945312519823972e+02
3.823297271487187121e+00 1.415296041217251286e+02
4.141992225839207009e+00 1.303462996175225044e+02
4.487252332392937859e+00 1.315307504594171917e+02
4.861291957274552544e+00 1.239305559686187195e+02
5.266510047421339102e+00 1.073627434320307970e+02
5.705505516508819319e+00 1.037696851833379696e+02
6.181093913387958771e+00 9.802984882897226271e+01
6.696325479937446090e+00 8.712690492550288468e+01
7.254504714147193667e+00 8.377662212087716398e+01
7.859211563903175879e+00 7.524300244344516386e+01
8.514324387402437466e+00 6.799525496841940253e+01
9.224044827457579032e+00 6.337747036428601888e+01
9.992924759224987241e+00 5.684648466414440549e+01
1.082589548418919634e+01 5.388961710702189123e+01
1.172829935764248432e+01 4.879519161520087778e+01
1.270592405250613766e+01 4.443561204340991821e+01
1.376503967924854344e+01 4.232631619420309477e+01
1.491243899997294697e+01 3.760125704863758500e+01
1.615548099459269338e+01 3.277329595898420678e+01
1.750213805851070603e+01 3.019162732888969458e+01
1.896104713451100210e+01 2.560192992879623830e+01
2.054156510680275005e+01 2.289580276357245836e+01
2.225382881249286271e+01 1.955803943510046494e+01
2.410882005537792594e+01 1.823953734989391151e+01
2.611843603902888233e+01 1.553888982383695172e+01
2.829556567089940700e+01 1.281132028236191367e+01
3.065417222684324372e+01 1.051826669020823957e+01
3.320938290621914035e+01 8.484415465840342563e+00
3.597758585195541059e+01 7.434931933000445525e+00
3.897653525782382644e+01 7.084044208666544939e+00
4.222546523704050969e+01 5.558834902257220989e+00
4.574521318250354085e+01 4.821899204025126728e+00
4.955835340985252913e+01 2.397884724049762717e+00
5.368934194048559050e+01 1.271036533941746649e+00
5.816467335311659781e+01 1.512127807632906773e+00
6.301305070985853263e+01 1.392206537793179155e+00
6.826556964667361171e+01 1.083348140682101723e+00
7.395591780887622235e+01 6.904643976996487353e-01
8.012059091079107986e+01 6.300249702028829502e-01
8.679912680529118063e+01 -1.807631777315704125e-01
9.403435906444725845e+01 -7.859387819852889923e-01
1.018726916976584960e+02 -5.993655049345564256e-01
1.103643967692010932e+02 -1.288607166315859587e+00
1.195639368239997538e+02 -1.402982828369378598e+00
1.295303141895375916e+02 -1.433661434543397339e+00
1.403274493941930530e+02 -1.283497883082933555e+00
1.520245911290344054e+02 -1.045536547619646539e+00
1.646967603824093374e+02 -5.578097345128274487e-01
1.784252315958393922e+02 -3.642997919289159281e-01
1.932980539271686098e+02 -3.061197863007593112e-01
2.094106159641486329e+02 1.269207105376131683e-01
2.268662575103167285e+02 1.759852284163013758e-01
2.457769323669282358e+02 1.642871925923042320e-01
2.662639263617712686e+02 5.668221251535758842e-01
2.884586352300269709e+02 -2.800687115716788966e-01
