1.098161681021442571e-01 1.533585593951087276e+03
1.313756474306238820e-01 1.210698137067578728e+03
1.571677562247646986e-01 6.736429728873897602e+02
1.880234585315471441e-01 6.192401578293817010e+02
2.249368560533914763e-01 3.090976912566284796e+02
2.690972158811498760e-01 2.513690652562734158e+02
3.219272860193173602e-01 1.345242894417810646e+02
3.851291331439712362e-01 1.291755683911340498e+02
4.607389793834576475e-01 8.656157738042124095e+01
5.511928048402257030e-01 5.946231508945583499e+01
6.594048294203067595e-01 3.720291767322678567e+01
7.888614024794167179e-01 2.918398497176603712e+01
9.437333252000414952e-01 1.908812478538480661e+01
1.129010224475225366e+00 1.573385106628324337e+01
1.350661307524994026e+00 8.464638638567906881e+00
1.615827676399540280e+00 7.961025964145277634e+00
1.933052398312241849e+00 4.967438415433613308e+00
2.312555744153963921e+00 4.889557371808233022e+00
2.766564462757856280e+00 3.219785130039190424e+00
3.309705699394847045e+00 2.613709054719947300e+00
3.959478249672542027e+00 2.003591907973906405e+00
4.736816331583935558e+00 1.540442664553308472e+00
5.666764039180140600e+00 1.011448281421061912e+00
6.779282207255706183e+00 8.900014209091775541e-01
8.110213682421658632e+00 6.310762180599973625e-01
9.702438099440888308e+00 4.410972139267843595e-01
1.160725336713610645e+01 3.096121939621577779e-01
1.388602837225586839e+01 2.263021200601635086e-01
1.661218014772003926e+01 1.685453849365998458e-01
1.987353920518250305e+01 1.180095204865468234e-01
2.377517923763501884e+01 7.993982661475848572e-02
2.844280235873973339e+01 4.905044816234759020e-02
3.402678894372883178e+01 2.764063216298560596e-02
4.070704254868536509e+01 2.091347560509156447e-02
4.869878600066603980e+01 1.142008006913586976e-02
5.825949539572377489e+01 3.315671038614303231e-03
6.969719540273428038e+01 3.001303848789264438e-03
8.338038312915901429e+01 1.622413223767784317e-03
9.974990027349940647e+01 9.618229982239397948e-04
1.193331360586353043e+02 -2.799349336673078218e-04
