3.388388117691250034e-01 1.826669025054415556e+02
4.265727906382920098e-01 1.456135892458023591e+02
5.370233261144988779e-01 1.188651631255150676e+02
6.760723119717688689e-01 9.410512476227324896e+01
8.511246137516937926e-01 7.600731133432852005e+01
1.071502404855502855e+00 6.478239584002771778e+01
1.348941606271154559e+00 5.431012838363834305e+01
1.698216867161198351e+00 4.713093268619778087e+01
2.137928368806711887e+00 4.089152249990977595e+01
2.691492352086422013e+00 3.465257373851579104e+01
3.388388117691250478e+00 2.936895770125449090e+01
4.265727906382921653e+00 2.487582016343306535e+01
5.370233261144989889e+00 2.012315118857896934e+01
6.760723119717690466e+00 1.682963382404146202e+01
8.511246137516938148e+00 1.332742052474306327e+01
1.071502404855502633e+01 1.056960461900868076e+01
1.348941606271154470e+01 8.192628827105753686e+00
1.698216867161198351e+01 6.192941359929192480e+00
2.137928368806712243e+01 4.362461545010017261e+00
2.691492352086422102e+01 2.968542453142414494e+00
