3.388388117691250034e-01 2.796596543100126837e+02
4.265727906382920098e-01 2.228962180828379473e+02
5.370233261144988779e-01 1.842517467808071672e+02
6.760723119717688689e-01 1.506032112918576615e+02
8.511246137516937926e-01 1.212989951283352354e+02
1.071502404855502855e+00 1.036384125728357049e+02
1.348941606271154559e+00 8.644124804312258448e+01
1.698216867161198351e+00 7.339287426231965128e+01
2.137928368806711887e+00 6.468339239045245392e+01
2.691492352086422013e+00 5.493569297473678148e+01
3.388388117691250478e+00 4.589462398676572263e+01
4.265727906382921653e+00 3.918523114958024678e+01
5.370233261144989889e+00 3.225652091327665971e+01
6.760723119717690466e+00 2.642680406546378435e+01
8.511246137516938148e+00 2.135180543974002276e+01
1.071502404855502633e+01 1.681324538144439629e+01
1.348941606271154470e+01 1.308132107122462706e+01
1.698216867161198351e+01 9.993384481164968136e+00
2.137928368806712243e+01 6.923493957970658919e+00
2.691492352086422102e+01 4.659978196811719542e+00
