1.041678024454014695e-01 8.462002704052508761e+02
1.128508188806822687e-01 7.376305212996588807e+02
1.222576172586115478e-01 6.914595612412922492e+02
1.324485291821994870e-01 6.516250398402997916e+02
1.434889152585074323e-01 6.340226309394384998e+02
1.554495842965556152e-01 5.489428854370125919e+02
1.684072474479121062e-01 5.272702576923385323e+02
1.824450102026468346e-01 4.855917572431390568e+02
1.976529053961245397e-01 4.489756733887375049e+02
2.141284706451379583e-01 4.035347987328698878e+02
2.319773739168355664e-01 3.913293227496358782e+02
2.513140912426035101e-01 3.577720949255885330e+02
2.722626409234988887e-01 3.456292834511473870e+02
2.949573789361472631e-01 3.144481671180706712e+02
3.195438606405328619e-01 2.936599683390497830e+02
3.461797743163455565e-01 2.777333308819607396e+02
3.750359525152293649e-01 2.520696168167364419e+02
4.062974677153580738e-01 2.353847705927352365e+02
4.401648193054478186e-01 2.115547292935173971e+02
4.768552195110665748e-01 2.112704347452205695e+02
5.166039865106800688e-01 1.893866797893821854e+02
5.596660536763471416e-01 1.762944457064987773e+02
6.063176046187563895e-01 1.665200628667298304e+02
6.568578445231565421e-01 1.550339754958389733e+02
7.116109191368515940e-01 1.413889891845054194e+02
7.709279937159104756e-01 1.355627108637354183e+02
8.351895052646627349e-01 1.217458823154810545e+02
9.048076025129765387e-01 1.143603801101191380e+02
9.802287892804049108e-01 1.104986849950984293e+02
1.061936788180720459e+00 1.063917486850070873e+02
1.150455643033548192e+00 9.686769015704973640e+01
1.246353079880770487e+00 9.280150997406092017e+01
1.350244148163984859e+00 8.498344762160564869e+01
1.462795165416121979e+00 8.159856042575300705e+01
1.584727990766976902e+00 7.629951595363370132e+01
1.716824654671271766e+00 7.274916017049581285e+01
1.859932374552560663e+00 7.084661180788550894e+01
2.014968988531390615e+00 6.727659586709046380e+01
2.182928842087575205e+00 6.367578901571320671e+01
2.364889165411374616e+00 5.991911292049322668e+01
2.562016982345473259e+00 5.714744807924740400e+01
2.775576595229063859e+00 5.342618819839614019e+01
3.006937693648958909e+00 5.061783663560565572e+01
3.257584139104158005e+00 4.731415908828714834e+01
3.529123481925344308e+00 4.458268564467628181e+01
3.823297271487187121e+00 4.245685183508027905e+01
4.141992225839207009e+00 4.047040414176880319e+01
4.487252332392937859e+00 3.736016935633406888e+01
4.861291957274552544e+00 3.523852395465748799e+01
5.266510047421339102e+00 3.280641068239138747e+01
5.705505516508819319e+00 3.058712393877947378e+01
6.181093913387958771e+00 2.871584804244405120e+01
6.696325479937446090e+00 2.647438898245676953e+01
7.254504714147193667e+00 2.491553876803487810e+01
7.859211563903175879e+00 2.305235554448693946e+01
8.514324387402437466e+00 2.141346399485679086e+01
9.224044827457579032e+00 1.968711774752925692e+01
9.992924759224987241e+00 1.819284603049511873e+01
1.082589548418919634e+01 1.658869036754447990e+01
1.172829935764248432e+01 1.528791978312868771e+01
1.270592405250613766e+01 1.389788591687569053e+01
1.376503967924854344e+01 1.280467111303736338e+01
1.491243899997294697e+01 1.174058511405230121e+01
1.615548099459269338e+01 1.064445462368874651e+01
1.750213805851070603e+01 9.681935418260342985e+00
1.896104713451100210e+01 8.427989948880931337e+00
2.054156510680275005e+01 7.346466267056412924e+00
2.225382881249286271e+01 6.518258482364743145e+00
2.410882005537792594e+01 5.634924589886479929e+00
2.611843603902888233e+01 4.879546326133636924e+00
2.829556567089940700e+01 4.248314800683265169e+00
3.065417222684324372e+01 3.661717426676192488e+00
3.320938290621914035e+01 3.094394091877969100e+00
3.597758585195541059e+01 2.677140433007353604e+00
3.897653525782382644e+01 2.299816843335074079e+00
4.222546523704050969e+01 1.847645811187893727e+00
4.574521318250354085e+01 1.456896032052308776e+00
4.955835340985252913e+01 1.077085730761273341e+00
5.368934194048559050e+01 6.709623203004548841e-01
5.816467335311659781e+01 5.233542906063353151e-01
6.301305070985853263e+01 5.154041650561305143e-01
6.826556964667361171e+01 4.271670546309017658e-01
7.395591780887622235e+01 4.077521722996131914e-01
8.012059091079107986e+01 3.878032057948526679e-01
8.679912680529118063e+01 2.730094178514674286e-01
9.403435906444725845e+01 1.239343880496883987e-01
1.018726916976584960e+02 -2.581092370563635788e-02
1.103643967692010932e+02 -1.466239129936474650e-01
1.195639368239997538e+02 -2.653257131122927492e-01
1.295303141895375916e+02 -1.936678821806601114e-01
1.403274493941930530e+02 -1.207611216383994573e-01
1.520245911290344054e+02 -4.448168938025290342e-02
1.646967603824093374e+02 1.143742468595601233e-02
1.784252315958393922e+02 -1.139050401410308423e-02
1.932980539271686098e+02 4.639811895238290379e-02
2.094106159641486329e+02 1.258762096884648574e-01
2.268662575103167285e+02 9.057996862783584957e-02
2.457769323669282358e+02 2.852288579391194442e-02
2.662639263617712686e+02 1.508551536411425753e-01
2.884586352300269709e+02 -3.118987432347439595e-02
