1.499999999999999944e-01 6.140848862715562291e+02
1.719245884797436508e-01 4.323183124282422227e+02
1.970537608261946905e-01 4.200774162219610730e+02
2.258559115895290015e-01 3.108559853217577142e+02
2.588678977049809204e-01 2.635236465051161758e+02
2.967050452236348335e-01 2.309249803707467095e+02
3.400726186662476613e-01 1.523177257413695997e+02
3.897789667828228111e-01 1.275795381051327126e+02
4.467505897479765453e-01 8.747934341608097952e+01
5.120494086366910169e-01 7.020006115367920074e+01
5.868925590743946374e-01 5.600667079415207894e+01
6.726750780045930300e-01 3.693983940851116188e+01
7.709959064434607212e-01 3.108172056026709384e+01
8.836876928990594626e-01 1.957019810235593837e+01
1.012850952975232532e+00 1.932797077930932517e+01
1.160893221877220327e+00 1.363811349319677468e+01
1.330573929601098992e+00 1.029834918288317880e+01
1.525055835256962311e+00 9.037171675577733154e+00
1.747963979234566700e+00 7.001665316874142952e+00
2.003453252048786659e+00 5.205546727277791774e+00
2.296285839312612431e+00 5.069516320140784238e+00
2.631919986371223708e+00 3.682619011374475004e+00
3.016611737123235049e+00 3.126094925031648764e+00
3.457531543387177830e+00 2.362785168154692528e+00
3.962897918350491100e+00 1.999711120958572286e+00
4.542130625330938365e+00 1.678250454532566494e+00
5.206026257208415942e+00 1.197710110887709511e+00
5.966959479235312003e+00 9.665689546793040376e-01
6.839113686285578808e+00 8.740651643614679722e-01
7.838745373872202826e+00 6.663288013699684154e-01
8.984487150669821176e+00 5.077201802463829905e-01
1.029769504053635565e+01 3.840217304646678098e-01
1.180284654756073159e+01 2.871583702971917673e-01
1.352799690385962350e+01 2.371738297019406749e-01
1.550530200434207551e+01 1.826442353193706847e-01
1.777161777567103229e+01 1.503962435004379539e-01
2.036918715134361335e+01 1.073423373202920250e-01
2.334642745774420902e+01 8.342615517847357109e-02
2.675883288763240131e+01 5.591652678805500432e-02
3.067000888269619807e+01 4.341291724172492011e-02
3.515285770551753330e+01 2.695446342899684294e-02
4.029093729938724522e+01 2.185685962748754735e-02
4.618001876440202835e+01 1.539322637084271882e-02
5.292987148037770595e+01 6.579417034987735530e-03
6.066630915033109517e+01 3.441459321324504342e-03
6.953353490170384532e+01 3.014689260571438642e-03
7.969682915678215807e+01 1.762540072812159887e-03
9.134563037280135234e+01 1.714467773279727911e-03
1.046970660751110529e+02 3.723885999483703070e-04
1.199999999999999574e+02 -2.918966660115712361e-04
