1.041678024454014695e-01 5.095216125119008552e+02
1.128508188806822687e-01 4.723975777660014614e+02
1.222576172586115478e-01 4.470551171806641264e+02
1.324485291821994870e-01 4.170547775473778529e+02
1.434889152585074323e-01 3.609594079043043848e+02
1.554495842965556152e-01 3.491584423764580265e+02
1.684072474479121062e-01 3.232504558650655326e+02
1.824450102026468346e-01 3.220796152798922662e+02
1.976529053961245397e-01 2.820356678754641280e+02
2.141284706451379583e-01 2.678630524888376954e+02
2.319773739168355664e-01 2.612267734981073204e+02
2.513140912426035101e-01 2.398628453487372099e+02
2.722626409234988887e-01 2.260014969238058598e+02
2.949573789361472631e-01 2.114118126991771476e+02
3.195438606405328619e-01 1.905092668203299411e+02
3.461797743163455565e-01 1.886834648270661319e+02
3.750359525152293649e-01 1.705327262285670997e+02
4.062974677153580738e-01 1.597614853645688129e+02
4.401648193054478186e-01 1.447496093158259498e+02
4.768552195110665748e-01 1.376357158592967380e+02
5.166039865106800688e-01 1.239059125159848520e+02
5.596660536763471416e-01 1.182638927757829066e+02
6.063176046187563895e-01 1.091193060276085873e+02
6.568578445231565421e-01 1.006565051757751945e+02
7.116109191368515940e-01 9.645944546316441404e+01
7.709279937159104756e-01 8.840092599723199385e+01
8.351895052646627349e-01 8.098949924137887990e+01
9.048076025129765387e-01 7.839335234659084506e+01
9.802287892804049108e-01 7.597756827447209105e+01
1.061936788180720459e+00 7.156331168428246770e+01
1.150455643033548192e+00 6.578872452703046747e+01
1.246353079880770487e+00 6.244438087689922412e+01
1.350244148163984859e+00 5.741675122532690523e+01
1.462795165416121979e+00 5.634531892224983807e+01
1.584727990766976902e+00 5.290885616945232783e+01
1.716824654671271766e+00 4.992249356351140932e+01
1.859932374552560663e+00 4.631605935090284731e+01
2.014968988531390615e+00 4.564824149326926062e+01
2.182928842087575205e+00 4.416215976703098534e+01
2.364889165411374616e+00 3.982616866625941299e+01
2.562016982345473259e+00 3.832533638263156206e+01
2.775576595229063859e+00 3.599385768419006126e+01
3.006937693648958909e+00 3.454891572693555446e+01
3.257584139104158005e+00 3.226042730451025875e+01
3.529123481925344308e+00 3.006848846425114985e+01
3.823297271487187121e+00 2.883215047124535957e+01
4.141992225839207009e+00 2.673088856766339205e+01
4.487252332392937859e+00 2.557324993386018974e+01
4.861291957274552544e+00 2.355463662567829530e+01
5.266510047421339102e+00 2.176567046909041991e+01
5.705505516508819319e+00 2.060557966100527238e+01
6.181093913387958771e+00 1.964505139581057236e+01
6.696325479937446090e+00 1.839187590564993613e+01
7.254504714147193667e+00 1.671510884672686359e+01
7.859211563903175879e+00 1.564591835313419388e+01
8.514324387402437466e+00 1.427123906465706682e+01
9.224044827457579032e+00 1.318557849447296348e+01
9.992924759224987241e+00 1.202250840521452346e+01
1.082589548418919634e+01 1.116572329993501000e+01
1.172829935764248432e+01 1.005216553739228758e+01
1.270592405250613766e+01 9.302263527655313169e+00
1.376503967924854344e+01 8.528297689728441711e+00
1.491243899997294697e+01 7.729571343814982676e+00
1.615548099459269338e+01 7.111542230938050935e+00
1.750213805851070603e+01 6.407420869830378507e+00
1.896104713451100210e+01 5.681181642593176484e+00
2.054156510680275005e+01 4.924049037581963439e+00
2.225382881249286271e+01 4.428203092122012130e+00
2.410882005537792594e+01 3.846930454981028813e+00
2.611843603902888233e+01 3.269962495642636302e+00
2.829556567089940700e+01 2.856488139254263814e+00
3.065417222684324372e+01 2.463032904483436702e+00
3.320938290621914035e+01 1.986656325195797823e+00
3.597758585195541059e+01 1.775182084335283017e+00
3.897653525782382644e+01 1.501372334800914921e+00
4.222546523704050969e+01 1.132465714508368970e+00
4.574521318250354085e+01 9.737379823483479635e-01
4.955835340985252913e+01 6.451605393296853119e-01
5.368934194048559050e+01 4.740496155629677077e-01
5.816467335311659781e+01 3.631940348823749498e-01
6.301305070985853263e+01 3.393786821528431141e-01
6.826556964667361171e+01 2.579242253687176745e-01
7.395591780887622235e+01 1.903673771583739849e-01
8.012059091079107986e+01 1.101508766125308403e-01
8.679912680529118063e+01 8.802128766600693377e-02
9.403435906444725845e+01 1.128959564000873300e-02
1.018726916976584960e+02 -8.661740289472416587e-02
1.103643967692010932e+02 -1.407127773679362481e-01
1.195639368239997538e+02 -1.562452485693704707e-01
1.295303141895375916e+02 -1.692128248464854767e-01
1.403274493941930530e+02 -1.881659421324572146e-01
1.520245911290344054e+02 -1.405896523242093077e-01
1.646967603824093374e+02 -1.059632358420385667e-01
1.784252315958393922e+02 -4.907303992443092650e-02
1.932980539271686098e+02 -4.727823717897098460e-03
2.094106159641486329e+02 5.975875387963234392e-02
2.268662575103167285e+02 5.621230751771782302e-02
2.457769323669282358e+02 4.896239126608852021e-02
2.662639263617712686e+02 7.481678990983103850e-02
2.884586352300269709e+02 -5.536973006932239399e-02
