3.388388117691250034e-01 1.880113327804921539e+02
4.265727906382920098e-01 1.509445599289566076e+02
5.370233261144988779e-01 1.210595399552748290e+02
6.760723119717688689e-01 9.992071226511166060e+01
8.511246137516937926e-01 8.132192770464813236e+01
1.071502404855502855e+00 7.033983337052643492e+01
1.348941606271154559e+00 5.869290328171351234e+01
1.698216867161198351e+00 5.018060146262986621e+01
2.137928368806711887e+00 4.362600990363574027e+01
2.691492352086422013e+00 3.699876259845186155e+01
3.388388117691250478e+00 3.124687255910796679e+01
4.265727906382921653e+00 2.628432095530236978e+01
5.370233261144989889e+00 2.164872209379917578e+01
6.760723119717690466e+00 1.803965061916118984e+01
8.511246137516938148e+00 1.430471883173660608e+01
1.071502404855502633e+01 1.120206497322459782e+01
1.348941606271154470e+01 8.703634252670797267e+00
1.698216867161198351e+01 6.632992386628549397e+00
2.137928368806712243e+01 4.676626781795976129e+00
2.691492352086422102e+01 3.139502669604589791e+00
