1.499999999999999944e-01 1.637602527862301031e+03
1.649290814095650815e-01 9.704035814664773625e+02
1.813440126306863076e-01 9.117124225188915716e+02
1.993926761486910781e-01 7.723158652429568747e+02
2.192376727799900948e-01 4.678004123297628212e+02
2.410577865464971770e-01 4.948805403893634889e+02
2.650495953449119590e-01 3.736055860021294848e+02
2.914292419214217778e-01 3.495115803356775359e+02
3.204343811065734071e-01 2.609501929018437636e+02
3.523263208529976431e-01 2.533622357267944665e+02
3.873923763646440199e-01 1.877765791479338304e+02
4.259484585259283307e-01 1.549682404990882674e+02
4.683419199500105656e-01 1.198083212008104539e+02
5.149546842863154117e-01 1.093377514849806857e+02
5.662066869792973245e-01 8.318921142024755966e+01
6.225596584763243291e-01 7.539796158440825025e+01
6.845212839676848571e-01 6.288786924842035120e+01
7.526497771339087928e-01 4.920171830517940492e+01
8.275589091053964230e-01 4.038109642891492257e+01
9.099235379403652901e-01 2.740533916879263643e+01
1.000485688436306475e+00 2.639596796158674863e+01
1.100061237048109097e+00 2.613091479919480875e+01
1.209547262137429691e+00 1.930821510244857464e+01
1.329930125771871419e+00 1.627641293735963757e+01
1.462294359883080652e+00 1.372192696477767626e+01
1.607832436839362833e+00 1.044061824472339417e+01
1.767855512456125044e+00 8.792932294618758249e+00
1.943805238228164756e+00 8.744878671762172928e+00
2.137266749200479765e+00 7.664966355659620589e+00
2.349982944485615288e+00 6.402056544395101412e+00
2.583870189081050928e+00 5.842283204318671430e+00
2.841035578444647047e+00 4.766011840451252368e+00
3.123795921365119632e+00 4.215324853236288583e+00
3.434698612144633234e+00 3.446334956305707298e+00
3.776544580131484086e+00 2.964783265796645306e+00
4.152413523355716229e+00 2.860885417557754273e+00
4.565691653598091371e+00 2.250212260375263895e+00
5.020102202848342188e+00 2.010379850154754067e+00
5.519738965986076273e+00 1.685352703749552150e+00
6.069103181871108532e+00 1.449476527015997718e+00
6.673144085105802148e+00 1.187000906384123589e+00
7.337303493801148768e+00 1.062049382285112697e+00
8.067564835038774973e+00 8.951887669030959005e-01
8.870507049700366409e+00 7.742131354920788189e-01
9.753363862294348152e+00 6.509066395156338780e-01
1.072408894974303095e+01 5.415327722373072250e-01
1.179142759623723613e+01 4.581651011297466769e-01
1.296499547969869859e+01 3.711889951581565650e-01
1.425536529963912891e+01 3.224738462424548424e-01
1.567416202684846915e+01 2.785611449707721121e-01
1.723416763301869636e+01 2.424280248171832852e-01
1.894943624381489400e+01 1.946161185269270899e-01
2.083542075281005879e+01 1.499794985488887289e-01
2.290911203695167586e+01 1.259192310796048153e-01
2.518919202775501986e+01 9.763281543960454500e-02
2.769620201724516306e+01 7.668605122811539276e-02
3.045272771491991293e+01 6.113665695213155865e-02
3.348360272291562723e+01 4.514666299071014993e-02
3.681613226248856563e+01 3.736269901469060906e-02
4.048033916736864768e+01 3.168603751013442799e-02
4.450923436014498691e+01 2.369486196418198534e-02
4.893911424841174096e+01 1.725186943199170236e-02
5.380988771992208797e+01 6.850333923084763257e-03
5.916543568265722541e+01 3.490650608998105073e-03
6.505400638891572385e+01 4.106607426462398347e-03
7.152865010490563691e+01 3.056885118219311581e-03
7.864769704178848997e+01 3.666908914520137543e-03
8.647528285386637492e+01 3.788066273844734738e-03
9.508192643813660538e+01 2.594588384693804692e-03
1.045451652406247121e+02 1.135686427002269381e-03
1.149502537929829202e+02 -2.707778758116650931e-04
1.263909317724869510e+02 -1.528393377228635117e-03
1.389702685049018669e+02 -1.129389323179649665e-03
1.528015915183605102e+02 -5.745311633281922035e-04
1.680095075136185301e+02 -7.568854261086288245e-05
1.847310249486303348e+02 -4.111205447556363869e-04
2.031167883508336161e+02 -1.448539892129598809e-05
2.233324354770935258e+02 3.618085843795347013e-04
2.455600895479868484e+02 -2.885412568286077118e-04
2.700000000000000568e+02 7.838792015473353744e-04
