1.129462705897083669e-01 1.782223220453790782e+04 2.408070755105567969e+03 5.115237735038379469e+03 1.491303374660893951e+03 2.260685258934970534e+02
1.421909302127640218e-01 1.404448476222821955e+04 -2.000000000000000000e+02 4.342779234486578389e+03 1.258320993553368908e+03 2.074909757822050551e+02
1.790077753714996445e-01 1.151095570814445273e+04 1.876583337836801093e+03 3.543553560430933885e+03 1.083957264024073766e+03 1.857546970661070986e+02
2.253574373239229933e-01 8.666936217923186632e+03 4.551177542166622061e+02 2.924018139783766856e+03 9.123241070811872078e+02 1.654441633040475494e+02
2.837082045838980049e-01 6.958212815635944935e+03 1.453405434089492474e+03 2.170402109695713534e+03 7.846962672060531077e+02 1.439522700337346066e+02
3.571674682851676552e-01 5.125566292532391344e+03 3.216141510211133436e+02 1.716805573891055019e+03 6.582247958143797177e+02 1.230895082754084768e+02
4.496472020903848343e-01 3.772600564872309860e+03 6.227906989289308513e+02 1.311316111509342363e+03 5.482426911263464717e+02 1.038502539069068575e+02
5.660722890537328578e-01 2.695583421532398006e+03 6.306333351347203688e+02 9.892812245633473367e+02 4.465145632497151951e+02 8.529947641660116631e+01
7.126427896022373698e-01 1.879805849232270248e+03 1.930706525299975453e+02 7.040112162153666304e+02 3.563382670086466533e+02 6.966006366755772206e+01
8.971641173621407450e-01 1.287483787623612898e+03 2.546864943746105041e+02 4.880614437240774350e+02 2.775000762143588986e+02 5.594903172430414884e+01
1.129462705897083641e+00 8.485601938848245709e+02 2.433720283679459726e+02 3.201316534348625282e+02 2.081590245555819081e+02 4.397062058060233625e+01
1.421909302127640773e+00 5.017799604147236323e+02 5.240558150574581759e+02 2.117663817877740087e+02 1.513894997885876421e+02 3.481484222821551811e+01
1.790077753714996778e+00 2.502829387985770495e+02 4.645066681077770454e+02 1.400945197198696803e+02 1.071508131193839830e+02 2.792100013016213111e+01
2.253574373239230155e+00 1.527070184462779991e+02 3.568500910841620453e+02 9.836376334762860552e+01 7.634272772795958417e+01 2.298632431800981735e+01
2.837082045838980271e+00 1.246376998460036560e+02 2.629535215450584360e+02 7.764914547996202998e+01 5.739309439179680083e+01 1.916494434460708263e+01
3.571674682851676330e+00 1.036988771789412169e+02 2.590204528985800607e+02 6.387404971191692482e+01 4.529433133702696068e+01 1.627534584758403824e+01
4.496472020903849121e+00 8.373621075999031405e+01 1.949395354858858695e+02 5.131919802941166608e+01 3.706271485850979275e+01 1.391016661527639187e+01
5.660722890537329022e+00 7.112781208510052977e+01 1.987040008646659999e+02 4.472137013356378787e+01 3.090870330569047297e+01 1.173822688840333406e+01
7.126427896022375919e+00 5.849707352296527318e+01 1.544187050312137899e+02 3.698960221202347043e+01 2.530163692096035533e+01 9.638886234189159907e+00
8.971641173621408782e+00 4.766320589770656113e+01 1.199339514963172633e+02 2.955603386239695851e+01 2.031256865681554302e+01 7.865076071512072886e+00
1.129462705897083730e+01 3.748661869233183808e+01 9.497280240243929939e+01 2.419106415279813405e+01 1.622104118781302873e+01 6.262187914175495251e+00
1.421909302127640728e+01 3.079966189612073890e+01 8.155897717347973241e+01 1.905334864833485042e+01 1.271167304645628704e+01 4.843121277412837600e+00
1.790077753714997399e+01 2.136299901182624694e+01 4.503683386474217798e+01 1.316693255257404260e+01 9.133557947926199461e+00 3.516372128920212337e+00
2.253574373239231221e+01 1.542396876341332046e+01 3.852837431028619619e+01 9.311259344928316750e+00 6.543763471839765700e+00 2.475366793873634563e+00
2.837082045838980804e+01 9.498046892021607235e+00 1.924156056026728834e+01 6.162770160626410032e+00 4.290731081002348901e+00 1.644347268132670958e+00
3.571674682851676152e+01 6.450087873932012883e+00 1.394004404130949837e+01 3.942677393289537147e+00 2.820084334823519612e+00 1.057156506919851413e+00
4.496472020903848943e+01 4.065079355365577740e+00 8.824279388162324267e+00 2.515024038769476000e+00 1.730777051499898356e+00 6.087590305296264326e-01
5.660722890537330443e+01 2.418642491542820849e+00 7.803694617328416072e+00 1.325058032956707210e+00 9.567989005379518019e-01 2.947985824380907616e-01
7.126427896022379116e+01 1.061669506264616203e+00 -2.021873190027341227e-01 5.771390773037776700e-01 5.615838716149410548e-01 1.569991520121374329e-01
8.971641173621409848e+01 1.035098597986627400e+00 2.393359186895316348e+00 5.558380339146424820e-01 4.622185661846764937e-01 1.455351006261516034e-01
