1.129462705897083669e-01 1.703083521596118590e+04 -2.000000000000000000e+02 5.249275603210214285e+03 1.478365074596745444e+03 2.245736626343175431e+02
1.421909302127640218e-01 1.426890446702327245e+04 -2.000000000000000000e+02 4.321719590102522488e+03 1.269552455981278626e+03 2.063734948060242687e+02
1.790077753714996445e-01 1.135745687750737306e+04 -2.000000000000000000e+02 3.518399537585719372e+03 1.078105392952504644e+03 1.874753579154406395e+02
2.253574373239229933e-01 8.836432994835906356e+03 4.769189922100766807e+02 2.871688252365787775e+03 9.307506497459415868e+02 1.622790049506971854e+02
2.837082045838980049e-01 6.989630283969494485e+03 2.271070097530786143e+02 2.145546636209839107e+03 7.899443591604436961e+02 1.426311842909004781e+02
3.571674682851676552e-01 5.113797751625513229e+03 3.389726093653566750e+02 1.737851075167101271e+03 6.660401707951876915e+02 1.226792333048184958e+02
4.496472020903848343e-01 3.794184761853968212e+03 -2.996563682363691328e+01 1.332499700412857692e+03 5.537646591085426735e+02 1.034909171342909815e+02
5.660722890537328578e-01 2.729968593236859306e+03 1.218532907804163301e+02 9.354092814023709934e+02 4.557030063540672700e+02 8.491491518542495953e+01
7.126427896022373698e-01 1.946789085310902919e+03 2.061513953260462131e+02 7.044692437905010820e+02 3.640944402575442496e+02 6.910049795479899615e+01
8.971641173621407450e-01 1.309222866935696857e+03 2.271070097530786711e+02 4.856253581141016866e+02 2.831295536150500993e+02 5.511092771844563742e+01
1.129462705897083641e+00 8.505338303169136225e+02 2.311780874922851012e+02 3.294101938492190129e+02 2.126330693506540683e+02 4.312196071074431103e+01
1.421909302127640773e+00 4.959990540528919496e+02 2.930996532114522779e+02 2.115057089570666164e+02 1.548742935148946174e+02 3.450533075417053652e+01
1.790077753714996778e+00 2.580496055175910897e+02 2.720514931446113565e+02 1.423087750009845251e+02 1.099007922354939950e+02 2.768023698425160717e+01
2.253574373239230155e+00 1.575719590051937189e+02 2.399973449365490694e+02 9.824297787986631647e+01 7.809008615683688959e+01 2.272907102205666519e+01
2.837082045838980271e+00 1.308557378742717674e+02 4.278473043370262872e+02 7.987672840247783768e+01 5.847824477333630711e+01 1.910034505443359265e+01
3.571674682851676330e+00 1.059672181938891669e+02 3.093291158502631220e+02 6.588957820326739068e+01 4.586954669667901641e+01 1.620991308296759215e+01
4.496472020903849121e+00 8.371412055204852720e+01 1.859780044103433738e+02 5.372775655616266022e+01 3.714341416107524907e+01 1.356794062935076539e+01
5.660722890537329022e+00 7.346104633739246026e+01 1.980252362651150406e+02 4.556716237699528449e+01 3.086986454703536964e+01 1.142213954978581469e+01
7.126427896022375919e+00 5.870055526109583610e+01 1.519978759492392442e+02 3.628562960771557044e+01 2.525594320842935048e+01 9.520467272920155821e+00
8.971641173621408782e+00 4.902284356706593371e+01 1.250284344220931700e+02 2.962392921001234924e+01 2.066029344705949455e+01 7.753531883582260420e+00
1.129462705897083730e+01 3.850488464372990904e+01 9.724339406499404959e+01 2.428913990976199244e+01 1.636942612523537477e+01 6.165985339190453551e+00
1.421909302127640728e+01 3.010587059053294112e+01 7.443546216664955750e+01 1.867774944538519222e+01 1.269665725239395471e+01 4.774160398639621938e+00
1.790077753714997399e+01 2.224978819321104240e+01 4.407207884181538304e+01 1.383286811584071785e+01 9.383224675174664853e+00 3.561187905098073703e+00
2.253574373239231221e+01 1.540100877190864814e+01 4.328468580030103396e+01 1.005768370675859380e+01 6.550970838063960855e+00 2.555219800537032349e+00
2.837082045838980804e+01 1.065145702053724008e+01 2.495726203694712453e+01 6.857339354953952970e+00 4.508864224318212877e+00 1.744298735527925581e+00
3.571674682851676152e+01 7.181306619876231423e+00 1.798747185781835256e+01 4.502115461231005256e+00 3.005716113359108377e+00 1.109139239361854656e+00
4.496472020903848943e+01 4.707552039080653117e+00 1.199884400828915076e+01 2.767392250552652033e+00 1.904752698580780557e+00 6.493710060155870600e-01
5.660722890537330443e+01 2.244819901794206096e+00 2.885586064948165497e+00 1.373358212221534647e+00 1.058655166122927538e+00 3.403461246256525019e-01
7.126427896022379116e+01 1.670788478621157536e+00 4.984609221055020356e+00 8.561406942137874676e-01 6.123951192054220005e-01 1.916105769538383186e-01
8.971641173621409848e+01 1.062785422336673280e+00 3.478050516464738173e+00 5.818353601313186463e-01 4.214362879852533439e-01 1.430425363066221145e-01
