1.129462705897083669e-01 1.724399619860032544e+04 2.382367078144901370e+03 5.412862140940278550e+03 1.476699397699333531e+03 2.254023368323408079e+02
1.421909302127640218e-01 1.424592299315131822e+04 -2.000000000000000000e+02 4.322381821538591794e+03 1.272937549779969231e+03 2.039334904727118953e+02
1.790077753714996445e-01 1.132168949530144710e+04 1.856117701621536980e+03 3.518613733234790288e+03 1.094411971940019612e+03 1.890472398191552656e+02
2.253574373239229933e-01 8.824047850010827460e+03 4.486612824769217696e+02 2.749129366410052626e+03 9.363530809430185400e+02 1.645727754143759967e+02
2.837082045838980049e-01 6.869849429396185769e+03 6.185552005175102295e+02 2.226963700155927654e+03 7.919148562049616658e+02 1.448664716686395764e+02
3.571674682851676552e-01 5.149492167570758284e+03 1.091183539072450003e+03 1.703774014105425294e+03 6.739084671838866143e+02 1.244706319387807838e+02
4.496472020903848343e-01 3.851112084399737796e+03 1.258726948198765285e+02 1.349830263648831760e+03 5.642514348355720131e+02 1.047883227997559459e+02
5.660722890537328578e-01 2.705938444168840306e+03 3.140294254053841883e+02 9.605839879627734490e+02 4.631337309385956473e+02 8.530497476893928877e+01
7.126427896022373698e-01 1.888294464756977504e+03 1.243306412384611122e+02 7.098775954187601656e+02 3.703747060569731957e+02 7.069817846726714095e+01
8.971641173621407450e-01 1.296701052361579286e+03 3.320608803363815582e+02 4.941075117070331544e+02 2.885114213315873712e+02 5.601560105462043282e+01
1.129462705897083641e+00 8.698984335141520887e+02 6.005337942249185517e+02 3.350518324774005805e+02 2.205963886229795889e+02 4.442509150842024468e+01
1.421909302127640773e+00 5.225462955102589149e+02 3.702772159347833849e+02 2.215031516089232468e+02 1.616819296639375807e+02 3.487866166928635181e+01
1.790077753714996778e+00 2.673912761472977877e+02 4.476770760107850151e+02 1.418055875669949728e+02 1.154279082639321530e+02 2.836694884803075212e+01
2.253574373239230155e+00 1.653768426892382024e+02 2.800093490329215911e+02 1.018362720639426726e+02 8.221311947724221625e+01 2.323400663222394513e+01
2.837082045838980271e+00 1.300240481676660238e+02 3.729886403622566604e+02 8.307903378278210482e+01 6.135590948891059071e+01 1.944311916320545564e+01
3.571674682851676330e+00 1.135095786496171115e+02 3.319676180978492539e+02 6.934289007659214121e+01 4.813298080525352418e+01 1.654120402852636218e+01
4.496472020903849121e+00 9.265397126327430044e+01 2.350400475845348751e+02 5.610413783130547216e+01 3.862900419464687474e+01 1.388939582208609913e+01
5.660722890537329022e+00 7.357173192279836371e+01 1.978587752637675692e+02 4.518352143881072891e+01 3.176415665176871883e+01 1.169969961013780413e+01
7.126427896022375919e+00 5.801772716043547007e+01 1.392498507354301012e+02 3.653888690344526680e+01 2.570138246985830222e+01 9.680237364888018448e+00
8.971641173621408782e+00 4.862705264859518905e+01 1.225107490038994058e+02 3.041884933447484940e+01 2.092888916463044069e+01 7.952428681531200638e+00
1.129462705897083730e+01 4.107867049438331009e+01 9.929634435699371409e+01 2.486945949257199828e+01 1.679483471222054547e+01 6.290210913305308793e+00
1.421909302127640728e+01 3.120814400721069148e+01 7.389599999610589975e+01 1.908416137939308044e+01 1.286864325576215151e+01 4.835176910362898539e+00
1.790077753714997399e+01 2.447013185698805415e+01 6.071572456561049336e+01 1.518640313199985670e+01 9.687561738243672949e+00 3.622519114537123386e+00
2.253574373239231221e+01 1.729897264340355179e+01 4.130199708141441306e+01 1.063503623358506012e+01 6.919533744459373636e+00 2.548211556296492653e+00
2.837082045838980804e+01 1.182278420148084841e+01 2.866339526456712150e+01 7.160960525176264468e+00 4.728529595062590296e+00 1.746018850970278535e+00
3.571674682851676152e+01 7.070608769064356203e+00 1.908802290981316574e+01 4.432066510082454336e+00 2.999976563540913244e+00 1.124961473292014347e+00
4.496472020903848943e+01 4.183803575180059298e+00 1.069299083579084808e+01 2.658167621483309873e+00 1.751028698860382482e+00 7.169922916534574586e-01
5.660722890537330443e+01 2.597388085380414768e+00 9.168853785958683389e+00 1.742325091857758412e+00 1.041703518374832438e+00 3.891648630218933480e-01
7.126427896022379116e+01 2.089526712996608637e+00 7.707829261934734610e+00 1.206177449650350564e+00 6.897017018428275303e-01 2.348715980790876401e-01
8.971641173621409848e+01 1.488928446867290312e+00 3.505101176661347573e+00 8.621222172112306126e-01 5.359835092900202547e-01 1.738169840404399924e-01
