1.129462705897083669e-01 1.785479050098031803e+04 -2.000000000000000000e+02 4.981818134807583192e+03 1.466213752695558696e+03 2.238912250594747491e+02
1.421909302127640218e-01 1.407845116103477994e+04 -2.000000000000000000e+02 4.217420615907345564e+03 1.272491355739347000e+03 2.068963528774483507e+02
1.790077753714996445e-01 1.118213059575674379e+04 8.344018988916025137e+02 3.548175005895988761e+03 1.100554655256807564e+03 1.883356883401075663e+02
2.253574373239229933e-01 9.056852731832750578e+03 1.105326950499829991e+03 2.807992922457344775e+03 9.403048927412838793e+02 1.665216640200817153e+02
2.837082045838980049e-01 6.912219673784153201e+03 -2.000000000000000000e+02 2.298801572039846633e+03 8.001869922818013947e+02 1.443372648067440878e+02
3.571674682851676552e-01 5.200524004057467209e+03 5.794900283660679179e+02 1.681048714767142883e+03 6.753527281058745757e+02 1.229676444227580134e+02
4.496472020903848343e-01 3.773534401626371618e+03 6.197082639110750506e+02 1.289623926487181734e+03 5.616113720089109620e+02 1.034160766652439492e+02
5.660722890537328578e-01 2.766692155976571939e+03 4.206411393349614514e+02 9.792912251124789691e+02 4.609902185300194333e+02 8.535963485982978227e+01
7.126427896022373698e-01 1.889870242515972677e+03 4.526634752499154501e+02 7.016634237718716349e+02 3.683639994870584360e+02 6.866153885627819875e+01
8.971641173621407450e-01 1.298946534084767336e+03 4.708168790974045237e+01 4.892428980697586667e+02 2.875874044427608851e+02 5.555953032351721532e+01
1.129462705897083641e+00 8.521241853454131387e+02 4.235920226928541297e+02 3.322165810935288732e+02 2.161981182095667009e+02 4.382576508108512314e+01
1.421909302127640773e+00 5.147592677593866028e+02 4.721607764070806752e+02 2.193782291454684525e+02 1.567582393030600372e+02 3.466331590869300072e+01
1.790077753714996778e+00 2.549420705423645188e+02 2.344487975344737549e+02 1.430653624271611193e+02 1.104766068676919417e+02 2.783939811281496901e+01
2.253574373239230155e+00 1.573664790696935256e+02 3.221307801999315075e+02 9.808181627400756497e+01 7.759075695613060475e+01 2.252579479795787165e+01
2.837082045838980271e+00 1.209746420154595086e+02 2.694552070285074592e+02 7.690202130879666242e+01 5.701992125990526006e+01 1.902377101045077623e+01
3.571674682851676330e+00 9.921356259189855109e+01 2.573008166414269908e+02 6.388936779687526979e+01 4.541330663806172652e+01 1.615090660551421564e+01
4.496472020903849121e+00 8.664837874356230429e+01 2.065752988998923172e+02 5.305158125900041455e+01 3.733913483845366699e+01 1.370930197283765750e+01
5.660722890537329022e+00 7.322656675236200385e+01 1.775566930954357474e+02 4.412156114142958785e+01 3.094977380867583250e+01 1.149510915396215616e+01
7.126427896022375919e+00 6.118048429301031632e+01 1.648388826647023109e+02 3.835936536865823854e+01 2.558034151912140430e+01 9.697999800934159254e+00
8.971641173621408782e+00 4.980830916262127772e+01 1.183235745903829468e+02 3.017293870650847865e+01 2.083651779634680423e+01 7.789511512151477746e+00
1.129462705897083730e+01 3.798706939869150290e+01 8.711216044816842441e+01 2.375058218211161787e+01 1.637186216211165757e+01 6.109564812690321034e+00
1.421909302127640728e+01 2.838409825140555043e+01 7.509409336855640049e+01 1.805392585223897584e+01 1.220904700270888021e+01 4.697090606305756921e+00
1.790077753714997399e+01 2.129322023261277153e+01 4.504980984742035588e+01 1.351211194300342555e+01 9.290978545165803126e+00 3.512467328462694383e+00
2.253574373239231221e+01 1.480461809691737152e+01 2.621316052162007182e+01 9.316402125247556398e+00 6.620224735503843938e+00 2.521833604108397964e+00
2.837082045838980804e+01 1.066052093427525627e+01 2.587384303082178150e+01 6.772406012435512324e+00 4.523755316667524617e+00 1.775613103021671080e+00
3.571674682851676152e+01 7.286897240770421114e+00 1.682814289049446899e+01 4.645917208667889042e+00 3.020844109886691164e+00 1.171530282216170615e+00
4.496472020903848943e+01 4.286440316252816629e+00 9.058395627880258871e+00 2.650246924505045065e+00 1.848681393867286360e+00 6.985296092849258009e-01
5.660722890537330443e+01 2.683753465431726770e+00 6.280426676963096533e+00 1.753512694951976147e+00 1.103814549424429803e+00 4.228841232569986452e-01
7.126427896022379116e+01 1.544168231063625552e+00 3.024027245990690282e+00 1.011624183293653667e+00 5.831787112032187359e-01 2.124074019482478093e-01
8.971641173621409848e+01 4.827748503881841291e-01 -4.321206753021034075e-01 3.412435473563126820e-01 3.028672567587329389e-01 9.518826544514880084e-02
