1.129462705897083669e-01 1.624981472255745211e+04 -2.000000000000000000e+02 4.938094797744332027e+03 1.488686553524252304e+03 2.314061626395883877e+02
1.421909302127640218e-01 1.310389270938713162e+04 1.444698575235411909e+03 4.167043044333193393e+03 1.256763525734035284e+03 2.076550096869653999e+02
1.790077753714996445e-01 1.066617827726781616e+04 -2.000000000000000000e+02 3.398754526346142029e+03 1.085228275325917139e+03 1.881254572212980918e+02
2.253574373239229933e-01 8.292549780170125814e+03 4.547662962003375924e+02 2.740088616259122773e+03 9.169715284922230012e+02 1.637258761773414903e+02
2.837082045838980049e-01 6.410948859484307832e+03 1.039388810517090178e+03 2.170281914065206820e+03 7.888969835305105107e+02 1.433573951670783515e+02
3.571674682851676552e-01 4.858467450210742754e+03 3.213343151082185614e+02 1.707180089270393410e+03 6.631575947278103058e+02 1.226012404391222077e+02
4.496472020903848343e-01 3.604284784520496942e+03 1.289397150470821316e+02 1.313579751895827485e+03 5.566971635386936441e+02 1.034032615164345401e+02
5.660722890537328578e-01 2.640540618271657877e+03 5.264142518506242823e+02 9.599441335098380250e+02 4.549809100912547706e+02 8.535834112986786693e+01
7.126427896022373698e-01 1.898365422996669849e+03 6.511961850604394613e+02 7.082642397517726067e+02 3.649218866216873494e+02 6.917559648955291607e+01
8.971641173621407450e-01 1.325433558677057590e+03 3.370684845574055544e+02 4.981913958358315995e+02 2.841320850321388320e+02 5.547287430939176289e+01
1.129462705897083641e+00 8.600401396910032190e+02 2.170674520865746899e+02 3.480417516378087726e+02 2.127360548890641780e+02 4.387256080050292439e+01
1.421909302127640773e+00 5.328245026597506921e+02 6.059023018653499548e+02 2.358009198825393185e+02 1.546189010164325452e+02 3.453685602024169299e+01
1.790077753714996778e+00 2.965922787881295335e+02 8.169799525908753139e+02 1.599013615944867581e+02 1.090157364092816721e+02 2.779990700572779261e+01
2.253574373239230155e+00 1.941170322260846604e+02 7.363158035664822592e+02 1.165683405830286432e+02 7.735216492651173326e+01 2.267995086630866552e+01
2.837082045838980271e+00 1.546083076339527906e+02 5.518958783803675487e+02 9.117954061819384037e+01 5.723281224015615720e+01 1.913782732146469812e+01
3.571674682851676330e+00 1.241948346027799204e+02 4.438478791586505849e+02 7.485390448782305839e+01 4.534696291565273896e+01 1.613761532131846366e+01
4.496472020903849121e+00 1.049545523161492753e+02 3.575528170048028755e+02 6.222995047732857188e+01 3.740441544603380208e+01 1.371546862244473530e+01
5.660722890537329022e+00 8.464892560146921596e+01 2.711315290574056007e+02 5.160320477374857262e+01 3.132590725743790472e+01 1.155953367174012847e+01
7.126427896022375919e+00 7.155140611172200238e+01 2.295266903074204947e+02 4.268359488119106970e+01 2.598489595399829000e+01 9.551537250953529679e+00
8.971641173621408782e+00 5.516620648839994345e+01 1.784267168112183697e+02 3.405296156269144348e+01 2.043957502078181676e+01 7.766818709878856808e+00
1.129462705897083730e+01 4.160972521083986919e+01 1.161892621131345038e+02 2.589622389219104903e+01 1.611227741888252751e+01 6.139367836494526998e+00
1.421909302127640728e+01 3.126355731342922439e+01 7.976322764754304728e+01 1.930666012042498636e+01 1.252256775960597146e+01 4.750311919311255515e+00
1.790077753714997399e+01 2.424381411974693634e+01 7.157515672758300695e+01 1.497026731985264192e+01 9.453102664962766966e+00 3.561158149308952581e+00
2.253574373239231221e+01 1.683793312314929835e+01 3.898969811312270650e+01 1.061635812780217591e+01 6.723206864301241481e+00 2.514301506773529926e+00
2.837082045838980804e+01 1.218104023596166030e+01 2.920430402496114652e+01 7.441389805956282189e+00 4.663044305216384799e+00 1.698348514902531248e+00
3.571674682851676152e+01 7.639363578515518505e+00 1.836087788307724722e+01 4.877869289537346553e+00 3.004706873391446376e+00 1.102139704635884954e+00
4.496472020903848943e+01 4.232310037265847313e+00 9.797750257028644327e+00 2.757928101114468067e+00 1.679274532143773202e+00 6.191992247010866812e-01
5.660722890537330443e+01 2.371096152865888929e+00 5.668629391821484731e+00 1.473383308462301811e+00 8.936002263017390757e-01 3.386987859219086072e-01
7.126427896022379116e+01 1.484784348497634854e+00 4.359108707086985390e+00 8.449323343575383394e-01 5.812851504473928177e-01 2.265545782055644608e-01
8.971641173621409848e+01 9.500790771163356574e-01 2.846635321297606325e+00 6.051017188064917729e-01 3.732215257283184595e-01 1.473014669455807724e-01
