1.129462705897083669e-01 1.578212612745058505e+04 2.359081033209003181e+03 5.132788365827406778e+03 1.443545312886551301e+03 2.281158386180252933e+02
1.421909302127640218e-01 1.255871929634633852e+04 -2.000000000000000000e+02 4.190058262236449991e+03 1.267141827201861133e+03 2.104640903059889467e+02
1.790077753714996445e-01 1.030824630899267868e+04 -2.000000000000000000e+02 3.349065211537262257e+03 1.075909774360492747e+03 1.883842032136788021e+02
2.253574373239229933e-01 8.168010348551429161e+03 1.728436277335363684e+03 2.714745834274736353e+03 9.177366867154260035e+02 1.669951113043998419e+02
2.837082045838980049e-01 6.473631493994547782e+03 1.827935054244651155e+03 2.206798603120073039e+03 7.793817606324196277e+02 1.434681294496161854e+02
3.571674682851676552e-01 4.696665414419466288e+03 5.677243099627004312e+02 1.670344940155058111e+03 6.503118848448892777e+02 1.233267365752348184e+02
4.496472020903848343e-01 3.557010896964487529e+03 6.073354865115909433e+02 1.277932033139376017e+03 5.442708703065673035e+02 1.028306806676298635e+02
5.660722890537328578e-01 2.596346542724713345e+03 4.112731056087738466e+02 9.869152264406870927e+02 4.454637279587135481e+02 8.556242703135833949e+01
7.126427896022373698e-01 1.871417380886236060e+03 2.499684647115852272e+02 6.979911589452148064e+02 3.545745904701124118e+02 6.909866130585118071e+01
8.971641173621407450e-01 1.306339927181292069e+03 2.461457119338232360e+02 5.032859697397356058e+02 2.756662846338381314e+02 5.578537675557683428e+01
1.129462705897083641e+00 8.433142467878569732e+02 2.094529653134400178e+02 3.414037620252331067e+02 2.070537821009742459e+02 4.406096231670058216e+01
1.421909302127640773e+00 5.164319917381978939e+02 4.135749697488085417e+02 2.345913561453053262e+02 1.503394011403265438e+02 3.505289643249913922e+01
1.790077753714996778e+00 2.917125529724155513e+02 8.799158199088357151e+02 1.620174872556849266e+02 1.064638323646082938e+02 2.836960099445267502e+01
2.253574373239230155e+00 1.928550205129063215e+02 8.027868642143863553e+02 1.160300415256141804e+02 7.614249293485283943e+01 2.315705104131177450e+01
2.837082045838980271e+00 1.498727206723383460e+02 5.746711907214585153e+02 9.493247341036382636e+01 5.759133533256233761e+01 1.938440424130169859e+01
3.571674682851676330e+00 1.263960898499856000e+02 4.576838255347130939e+02 7.579285612122701821e+01 4.558314187404650397e+01 1.637628973886288364e+01
4.496472020903849121e+00 9.687695768949619435e+01 2.585665563385832115e+02 6.124915296323658254e+01 3.738364592361063643e+01 1.390064752274076199e+01
5.660722890537329022e+00 8.438039842847749128e+01 3.226385052955029096e+02 5.103635691747665248e+01 3.125282961038732310e+01 1.169846409802419807e+01
7.126427896022375919e+00 7.034080142643814781e+01 2.229703568288893791e+02 4.289899565476849119e+01 2.588397078603308188e+01 9.714282714216802006e+00
8.971641173621408782e+00 5.477790566966786656e+01 1.674618318291313699e+02 3.409463449493570408e+01 2.077436196043543504e+01 7.803988088181379013e+00
1.129462705897083730e+01 4.259919592375109687e+01 1.247473831142220604e+02 2.724191275485733854e+01 1.633319932024626553e+01 6.255504900496136500e+00
1.421909302127640728e+01 3.310703461270895787e+01 9.596918935514884197e+01 2.038377280948058967e+01 1.264157069599645489e+01 4.806134194919104985e+00
1.790077753714997399e+01 2.421767472264709298e+01 6.213428345522884655e+01 1.490777156154867811e+01 9.524143851121927185e+00 3.592774645550473434e+00
2.253574373239231221e+01 1.666764562095057300e+01 4.317581457198885175e+01 1.052822849834678109e+01 6.699542425176391092e+00 2.559064723073168679e+00
2.837082045838980804e+01 1.033654835546272643e+01 2.218056454304461056e+01 6.817941357881353248e+00 4.432314008263416483e+00 1.714730235635262057e+00
3.571674682851676152e+01 6.484461869672527357e+00 1.306908682498134766e+01 4.252178281179601171e+00 2.787113141366933888e+00 1.085904433487807186e+00
4.496472020903848943e+01 3.331539584018135436e+00 5.709081963153057160e+00 2.210294596887398377e+00 1.524232352499270693e+00 5.958862648111677984e-01
5.660722890537330443e+01 1.328801289141030795e+00 1.995197748419059725e+00 9.551832433412035250e-01 7.095253675009212113e-01 3.015062488580788624e-01
7.126427896022379116e+01 7.099937346923010928e-01 1.502306618771772184e+00 4.585064804724106047e-01 3.289060291177754447e-01 1.426284963922961335e-01
8.971641173621409848e+01 5.788373917469653573e-01 3.032011778532142099e-01 3.505107030156973114e-01 2.628421777795904024e-01 9.089825195060341478e-02
