1.129462705897083669e-01 1.750508447564205926e+04 -2.000000000000000000e+02 5.184344192334073341e+03 1.465180169407624135e+03 2.260279046092800570e+02
1.421909302127640218e-01 1.387865633321568203e+04 -2.000000000000000000e+02 4.335854312967094302e+03 1.266813387219846618e+03 2.068809746988769973e+02
1.790077753714996445e-01 1.153612976775686184e+04 -2.000000000000000000e+02 3.482204524965608471e+03 1.098416212070600068e+03 1.885944343324885892e+02
2.253574373239229933e-01 8.769363146459400014e+03 -2.000000000000000000e+02 2.822342611136296455e+03 9.381522390652015702e+02 1.660359724094450371e+02
2.837082045838980049e-01 6.956622907617662349e+03 1.028488781959050584e+03 2.214262115855125558e+03 7.880124404386991728e+02 1.441776014226198299e+02
3.571674682851676552e-01 5.069212967545450738e+03 5.837467319619634054e+01 1.743806567629627352e+03 6.656933900871911192e+02 1.242862113084363358e+02
4.496472020903848343e-01 3.835047191442816711e+03 4.520935907232396858e+02 1.307113738148098037e+03 5.585673144537207691e+02 1.043643976771404880e+02
5.660722890537328578e-01 2.727847219926604339e+03 3.143040504441115104e+02 9.922346279783585032e+02 4.553260014201964623e+02 8.604337114469650771e+01
7.126427896022373698e-01 1.943446956699709517e+03 4.490078358472483160e+02 7.010877687967742986e+02 3.662630341746964291e+02 6.982230099127870915e+01
8.971641173621407450e-01 1.322380296116795080e+03 3.732947649142236060e+02 4.843832356918969708e+02 2.850725500659121963e+02 5.589044556319408485e+01
1.129462705897083641e+00 8.662718537085681874e+02 3.684242810316317787e+02 3.351623448445628810e+02 2.138748875746435090e+02 4.425448211470961013e+01
1.421909302127640773e+00 5.285026791208235863e+02 5.988146486359676146e+02 2.208594161770123208e+02 1.549201665224716749e+02 3.543483912761494281e+01
1.790077753714996778e+00 2.688661486495203690e+02 3.348762124618768894e+02 1.481908075674142253e+02 1.096579079780450883e+02 2.831342077085693987e+01
2.253574373239230155e+00 1.614482297402114170e+02 4.360276791303025448e+02 1.036746344097277301e+02 7.714873893462711862e+01 2.328614705513055227e+01
2.837082045838980271e+00 1.279577458060402790e+02 3.405350640619820979e+02 7.939102248434926423e+01 5.715140548907604767e+01 1.936506437009567705e+01
3.571674682851676330e+00 1.116306429588733238e+02 3.348355735161269990e+02 6.689760044599840683e+01 4.567047646971163744e+01 1.648748644227802984e+01
4.496472020903849121e+00 9.485503533541142929e+01 2.662469173671152021e+02 5.700040155958715360e+01 3.838642202983929508e+01 1.401404108546596738e+01
5.660722890537329022e+00 7.864556767277098004e+01 2.258437537677243085e+02 4.729711384446843425e+01 3.186668608279505932e+01 1.176571218144401243e+01
7.126427896022375919e+00 6.394937576342391594e+01 1.894047015083483814e+02 3.905639601988187337e+01 2.599453244307725086e+01 9.742463031238990823e+00
8.971641173621408782e+00 4.982167403136248396e+01 1.296444898256787042e+02 3.134504987077470517e+01 2.062750536401568269e+01 7.929695963412541460e+00
1.129462705897083730e+01 3.814660881461863084e+01 9.041313267252451169e+01 2.389023220167027262e+01 1.611540963993320474e+01 6.248141886518993715e+00
1.421909302127640728e+01 2.866324186453762835e+01 7.061884015014403815e+01 1.882768188724154967e+01 1.240065621315835465e+01 4.877326960008964818e+00
1.790077753714997399e+01 2.241005553599231703e+01 5.334617524876897221e+01 1.443198750290089905e+01 9.216612933334545232e+00 3.619291905147150157e+00
2.253574373239231221e+01 1.635595204965508032e+01 4.389714471139527774e+01 1.044529285290333043e+01 6.639123284381767576e+00 2.633807152003299734e+00
2.837082045838980804e+01 1.209705047636015607e+01 3.541940024942001486e+01 7.627260799560743543e+00 4.574408464331467528e+00 1.785042127179763405e+00
3.571674682851676152e+01 7.534663205023124810e+00 1.773233710243452421e+01 5.013861829866719688e+00 2.892605240127233301e+00 1.130737413694808069e+00
4.496472020903848943e+01 4.119826421133918615e+00 1.263141759508003048e+01 2.709271139962674990e+00 1.714032828598178293e+00 6.649261874222400781e-01
5.660722890537330443e+01 2.273104590521020540e+00 6.081633012955215634e+00 1.445413179763435751e+00 9.166027322030771973e-01 3.561267192684782756e-01
7.126427896022379116e+01 7.295146225456143885e-01 3.876593961959327039e-01 4.928830160167827490e-01 4.122452164085725901e-01 1.612781155090565743e-01
8.971641173621409848e+01 5.061190502307955086e-01 8.046813364203879715e-01 2.958881817170331274e-01 3.406840507755486414e-01 1.065299410603333108e-01
