1.129462705897083669e-01 1.658290612336910272e+04 -2.000000000000000000e+02 5.195105377223954747e+03 1.500830203019607552e+03 2.274496495568691614e+02
1.421909302127640218e-01 1.434632953641523272e+04 1.401871412132581327e+03 4.417798466670954440e+03 1.273261666007635085e+03 2.077319005798220530e+02
1.790077753714996445e-01 1.149570284942600119e+04 8.107125323979097402e+02 3.469209816631171634e+03 1.094344684491255748e+03 1.888046654512980922e+02
2.253574373239229933e-01 9.006666383728836081e+03 4.377164954746365311e+02 2.873375505694433741e+03 9.508692422710788605e+02 1.653584530198176594e+02
2.837082045838980049e-01 6.780579575949082027e+03 -2.000000000000000000e+02 2.226760384687460828e+03 8.040666392576862336e+02 1.459931286130645560e+02
3.571674682851676552e-01 4.981009598256757272e+03 3.077590192573990748e+02 1.774030521059266448e+03 6.753554688103175749e+02 1.262742169580079832e+02
4.496472020903848343e-01 3.787629393098019136e+03 1.203742824265160607e+02 1.328999878433481626e+03 5.611659826591123874e+02 1.048016505545176784e+02
5.660722890537328578e-01 2.760580770361058967e+03 4.064275194387457759e+02 9.729965180345295721e+02 4.615943551918021512e+02 8.643925251303940627e+01
7.126427896022373698e-01 1.918372781909640253e+03 2.464015468322459128e+02 7.084607597147171418e+02 3.698769190027069840e+02 6.948558201751802699e+01
8.971641173621407450e-01 1.310156628988237117e+03 4.437950504254268367e+02 4.962684996334832022e+02 2.877975141859877795e+02 5.550557955097848861e+01
1.129462705897083641e+00 8.559927734165131596e+02 3.839228721460085012e+02 3.303260130921213999e+02 2.181138228444676770e+02 4.386427405852270311e+01
1.421909302127640773e+00 5.128859225052144666e+02 3.125988518824251514e+02 2.197961765357122488e+02 1.585647544077351938e+02 3.487292048261976873e+01
1.790077753714996778e+00 2.701500358008165676e+02 3.558918928188512609e+02 1.450719239048505358e+02 1.129685903739747914e+02 2.785246478543020388e+01
2.253574373239230155e+00 1.689250974291614966e+02 3.930763407914114396e+02 1.029896518881584626e+02 7.950533827565665490e+01 2.283114788913246684e+01
2.837082045838980271e+00 1.302299175975326762e+02 3.552732309919308022e+02 7.802388006198142989e+01 5.938602656235151045e+01 1.915164335462316814e+01
3.571674682851676330e+00 1.034684954162340489e+02 2.645995026205207523e+02 6.402618077014577125e+01 4.600444844615400086e+01 1.618848941767160454e+01
4.496472020903849121e+00 9.024847872035286400e+01 2.533296096335195955e+02 5.462325963899598236e+01 3.764100451572690531e+01 1.362052374794555476e+01
5.660722890537329022e+00 7.317801591866972899e+01 1.860921873760022720e+02 4.526046760024681248e+01 3.106987392749606158e+01 1.138039735256496243e+01
7.126427896022375919e+00 5.957268288643157916e+01 1.462800570427276341e+02 3.704598411518905721e+01 2.509380277624856603e+01 9.407770493484035157e+00
8.971641173621408782e+00 4.884452331218872700e+01 1.271283599974205742e+02 2.983782455445193449e+01 2.023952404451424769e+01 7.673040936256669831e+00
1.129462705897083730e+01 4.013841869400567219e+01 1.148105919395873116e+02 2.440876589118071038e+01 1.653906559295986867e+01 6.105763472913310785e+00
1.421909302127640728e+01 2.942348553886270324e+01 7.055608150919242405e+01 1.781521154509318805e+01 1.243082872718868614e+01 4.666319896196503336e+00
1.790077753714997399e+01 2.283848988910655819e+01 5.934883581330321789e+01 1.396223571141426767e+01 9.435853802629075915e+00 3.534915160464198181e+00
2.253574373239231221e+01 1.547484146197445831e+01 3.863351260660852660e+01 9.862905426595009573e+00 6.552418718895850702e+00 2.479108864068696239e+00
2.837082045838980804e+01 1.047480850541481701e+01 3.011649333643921622e+01 6.626126138381469133e+00 4.398621082300586238e+00 1.705810331655260192e+00
3.571674682851676152e+01 6.987296919538796836e+00 1.691465302676076021e+01 4.349475075159690007e+00 2.922847706773583187e+00 1.089227904477290565e+00
4.496472020903848943e+01 3.772699737609126025e+00 7.858834438323270888e+00 2.279389456687910265e+00 1.662805147038053821e+00 6.178018096143125248e-01
5.660722890537330443e+01 1.571929638111733141e+00 3.274504515867335819e+00 9.781295018631801508e-01 7.797581305391325657e-01 3.055762586317323226e-01
7.126427896022379116e+01 8.450156525618222059e-01 -1.568135268112456515e+00 5.105672965502747740e-01 4.400276602711854501e-01 1.695318322155094926e-01
8.971641173621409848e+01 7.342774759972703347e-01 1.326783425227042290e+00 4.336779904020826582e-01 3.519001428229928674e-01 1.334659394029291679e-01
