1.129462705897083669e-01 1.741675176637097320e+04 -2.000000000000000000e+02 5.147807779462929830e+03 1.494723742225511842e+03 2.337784456378515188e+02
1.421909302127640218e-01 1.405443687268880421e+04 -2.000000000000000000e+02 4.316925530668221654e+03 1.263138057755153341e+03 2.066144196036410676e+02
1.790077753714996445e-01 1.142761512072687947e+04 -2.000000000000000000e+02 3.565588219791181928e+03 1.092082359048607259e+03 1.873233446449169435e+02
2.253574373239229933e-01 8.922726767437789022e+03 1.796843247503141356e+03 2.891257965283938120e+03 9.267386521371449817e+02 1.649237794355081803e+02
2.837082045838980049e-01 6.966411408494287571e+03 -2.000000000000000000e+02 2.204396071353658954e+03 7.955768115893985168e+02 1.454085546099000226e+02
3.571674682851676552e-01 5.086364697662440449e+03 6.498587176744399585e+01 1.695683027591213886e+03 6.708934970530860937e+02 1.241862829492629174e+02
4.496472020903848343e-01 3.790735349716025212e+03 1.343895639503111852e+02 1.315302240352497392e+03 5.600725501696489346e+02 1.032043704069123464e+02
5.660722890537328578e-01 2.718099558152157442e+03 7.494349808139012339e+02 9.836198559745984085e+02 4.565974783873289198e+02 8.583766808075365873e+01
7.126427896022373698e-01 1.879692412967697464e+03 2.659300910840665892e+02 6.899625371128051938e+02 3.645542214962944172e+02 6.981597475601417102e+01
8.971641173621407450e-01 1.298759489444171550e+03 3.459665955413747156e+02 4.797722716437367012e+02 2.842465360442051292e+02 5.523788586098307718e+01
1.129462705897083641e+00 8.533893530541555492e+02 4.889632665953537298e+02 3.375695120644169833e+02 2.142148195935534432e+02 4.405348800040466983e+01
1.421909302127640773e+00 5.135245534761154431e+02 4.687791279006212335e+02 2.202479614944810749e+02 1.557359022583377453e+02 3.488481294071488037e+01
1.790077753714996778e+00 2.568677110365390490e+02 2.536189352777535078e+02 1.453944324806039106e+02 1.109217995517345514e+02 2.811913487382788190e+01
2.253574373239230155e+00 1.600483257937687540e+02 2.792423794007535776e+02 9.945891944687387820e+01 7.867907463226030984e+01 2.306583081023840265e+01
2.837082045838980271e+00 1.238946284594316722e+02 3.291676233708716381e+02 7.953704238733001830e+01 5.829907166244355921e+01 1.936622321723849893e+01
3.571674682851676330e+00 1.033951498616633415e+02 2.928737214874453230e+02 6.577948491197076919e+01 4.583212817015481022e+01 1.628090283926490756e+01
4.496472020903849121e+00 8.783907485867257492e+01 2.447381200539129793e+02 5.526011469347773897e+01 3.723568310296063544e+01 1.377825259949180747e+01
5.660722890537329022e+00 7.355284073913669829e+01 2.230260303404166109e+02 4.498788956696953534e+01 3.132742736838461894e+01 1.154877954143177732e+01
7.126427896022375919e+00 6.128269872196207757e+01 1.620942422139023904e+02 3.794857233600684765e+01 2.566432870573818548e+01 9.595310717542401946e+00
8.971641173621408782e+00 4.863722709044301240e+01 1.154007025012096648e+02 3.033271992972144204e+01 2.082221260222929260e+01 7.852846371331333231e+00
1.129462705897083730e+01 3.849171521832957410e+01 9.678417637953710084e+01 2.391369598521313122e+01 1.627991847511164636e+01 6.149350923303654959e+00
1.421909302127640728e+01 2.924210137413807686e+01 7.185871549160242466e+01 1.871379857011285708e+01 1.235069344684549364e+01 4.807555651225042581e+00
1.790077753714997399e+01 2.169932850290787485e+01 5.191674824262145904e+01 1.324357597217021976e+01 9.017318842305085624e+00 3.468975361468354723e+00
2.253574373239231221e+01 1.557168179483300463e+01 3.682560915387208667e+01 9.496307673718739295e+00 6.547546323641389776e+00 2.529908941387599253e+00
2.837082045838980804e+01 1.008346186799781030e+01 2.577818597157214242e+01 6.533358678115254392e+00 4.273666985837743404e+00 1.682832195463910718e+00
3.571674682851676152e+01 6.880057826958793754e+00 1.636096429811791353e+01 4.190455956366945678e+00 2.834657016194885415e+00 1.058776240006712444e+00
4.496472020903848943e+01 4.105411673636373493e+00 1.345757814768078475e+01 2.645218960490733906e+00 1.717743066693664611e+00 6.586930528231274007e-01
5.660722890537330443e+01 1.919907502219462714e+00 4.645435475653845181e+00 1.289263592543692383e+00 9.010737048944830185e-01 3.437787136470760174e-01
7.126427896022379116e+01 1.518730064147140846e+00 4.197190489670884261e+00 8.597235495540724859e-01 6.288956575503295010e-01 2.227538780946503039e-01
8.971641173621409848e+01 1.053624310455991697e+00 1.386078380000500987e+00 6.871247486948088845e-01 4.149428964542802856e-01 1.524341940823954467e-01
