1.129462705897083669e-01 1.598396002974393195e+04 -2.000000000000000000e+02 5.182259888230567412e+03 1.486282398502763499e+03 2.269703184031105820e+02
1.421909302127640218e-01 1.333112322903208587e+04 -2.000000000000000000e+02 4.057127941411013580e+03 1.280769421531774242e+03 2.044717267227070749e+02
1.790077753714996445e-01 1.056259672497120300e+04 1.821425064795819480e+03 3.467931346311787365e+03 1.093282758217015271e+03 1.852080961572022773e+02
2.253574373239229933e-01 8.439018751665214950e+03 4.377164954746365311e+02 2.683003689593677336e+03 9.472544681524454973e+02 1.645931826249068308e+02
2.837082045838980049e-01 6.411845454005036117e+03 -2.000000000000000000e+02 2.133110235613950863e+03 7.966687910666109929e+02 1.444132336749965759e+02
3.571674682851676552e-01 4.791473988121016191e+03 3.077590192573990748e+02 1.662595904041604172e+03 6.718039415845358917e+02 1.238150044115210449e+02
4.496472020903848343e-01 3.648081118723806867e+03 6.009357060662900949e+02 1.252002800007199994e+03 5.602792422924907214e+02 1.043218513830932608e+02
5.660722890537328578e-01 2.617682254559836110e+03 6.085700259183277012e+02 9.658370842459808046e+02 4.586756111997725043e+02 8.538259856665354164e+01
7.126427896022373698e-01 1.863719872873505210e+03 5.652597945695642920e+02 7.228193119460449907e+02 3.645075439590655151e+02 6.979822048285220149e+01
8.971641173621407450e-01 1.307214149826122593e+03 1.621347158643026205e+02 5.062442763826180112e+02 2.845802161320097525e+02 5.534308342939402792e+01
1.129462705897083641e+00 8.515642693010539688e+02 1.808192644430491498e+02 3.468003527261448085e+02 2.140746583741029383e+02 4.388645327970510124e+01
1.421909302127640773e+00 5.337730100583244166e+02 6.329731343089401889e+02 2.342229975461102356e+02 1.543172746322174476e+02 3.478828923988238842e+01
1.790077753714996778e+00 2.955854948563451785e+02 7.399626551300560777e+02 1.608226782396577619e+02 1.091909015414357498e+02 2.786187667090305808e+01
2.253574373239230155e+00 1.950018099446844815e+02 6.991802586192363833e+02 1.194374541351687924e+02 7.715940349089144945e+01 2.293402063741900321e+01
2.837082045838980271e+00 1.480071695533488878e+02 5.645066223801953811e+02 9.176093182010122007e+01 5.689419498322804714e+01 1.918024112689251837e+01
3.571674682851676330e+00 1.228798309091992564e+02 3.940780525311574252e+02 7.624866354735675600e+01 4.507439472953234372e+01 1.627114560679602207e+01
4.496472020903849121e+00 1.018188764004620595e+02 3.174044661188228815e+02 6.063916295077574148e+01 3.785654785328700456e+01 1.369075588948066269e+01
5.660722890537329022e+00 8.297073565719868782e+01 2.800884528890083516e+02 4.989747944865141704e+01 3.106324768650242518e+01 1.132918505202294668e+01
7.126427896022375919e+00 6.798404043434729260e+01 2.081385571037672264e+02 3.979669552579745329e+01 2.536451637749881982e+01 9.346626409291200588e+00
8.971641173621408782e+00 5.254611957614334727e+01 1.625370877708190278e+02 3.326318055045585709e+01 2.030221911713550043e+01 7.645111432506357829e+00
1.129462705897083730e+01 4.370029787946723587e+01 1.363903502580267855e+02 2.684555515322688635e+01 1.632932691273459724e+01 6.073168954457723423e+00
1.421909302127640728e+01 3.389288584064297538e+01 9.522490125603405886e+01 2.008196500918478833e+01 1.273359132245318293e+01 4.653387873229944738e+00
1.790077753714997399e+01 2.401408637990126849e+01 7.269024124095568595e+01 1.473903427747179684e+01 9.181863140074005614e+00 3.447488770828545768e+00
2.253574373239231221e+01 1.782160850085922021e+01 5.234441725931315403e+01 1.119333015665848308e+01 6.646555024617258667e+00 2.513877649010800575e+00
2.837082045838980804e+01 1.147292438753072119e+01 3.241001320357979409e+01 7.195050794003039485e+00 4.519049006548810254e+00 1.729432658097233011e+00
3.571674682851676152e+01 7.054963736328572210e+00 1.648305786039197329e+01 4.315980462609426027e+00 2.955769897965461190e+00 1.099172319823845001e+00
4.496472020903848943e+01 4.644782130856857982e+00 8.835975999724141161e+00 2.873624540637265135e+00 1.961862712831144773e+00 7.459151085649953217e-01
5.660722890537330443e+01 2.693841360565078169e+00 3.891039160630061833e+00 1.784077191202653179e+00 1.159818984770181860e+00 4.648581245437863885e-01
7.126427896022379116e+01 1.443500329444042940e+00 4.573074583308284424e+00 9.593607864054323198e-01 5.881678380177723930e-01 2.279190451160861830e-01
8.971641173621409848e+01 7.376010488304705071e-01 2.360879224972885826e+00 4.391799366601529808e-01 2.246153947135660633e-01 7.402368640410106337e-02
