1.129462705897083669e-01 1.591621783485699416e+04 2.385818286684913346e+03 5.154092485311589371e+03 1.473108091217262427e+03 2.318529967659736997e+02
1.421909302127640218e-01 1.246488997894668137e+04 -2.000000000000000000e+02 4.194528054349600097e+03 1.259237940810960481e+03 2.074294630679198690e+02
1.790077753714996445e-01 1.047750022605783488e+04 -2.000000000000000000e+02 3.469487544452058501e+03 1.087030574241079876e+03 1.909619601627745453e+02
2.253574373239229933e-01 8.325173181076037508e+03 -2.000000000000000000e+02 2.796688790221843647e+03 9.256577750726659133e+02 1.682072996099381044e+02
2.837082045838980049e-01 6.422591483229552068e+03 6.196491599016759437e+02 2.210606815147215457e+03 7.947112168877873728e+02 1.447003702448327829e+02
3.571674682851676552e-01 4.730133633224728328e+03 3.171636573369823964e+02 1.686896274181846820e+03 6.606509728743913001e+02 1.245933082171156201e+02
4.496472020903848343e-01 3.593622944254032973e+03 6.157705197375179296e+02 1.285223697475156769e+03 5.537516336985331691e+02 1.052547942164185457e+02
5.660722890537328578e-01 2.642943696104296123e+03 5.206029611743358601e+02 9.657461309467064439e+02 4.520275652336628127e+02 8.665918660656322459e+01
7.126427896022373698e-01 1.868310047011157167e+03 2.546697308071230736e+02 7.244064442534380532e+02 3.615958630950868269e+02 6.915988293744406690e+01
8.971641173621407450e-01 1.336952912621579117e+03 4.589474797050274901e+01 5.092618560313825924e+02 2.813307100309074258e+02 5.581061387113193462e+01
1.129462705897083641e+00 8.462309886717102927e+02 2.395891087364346959e+02 3.524243729548187503e+02 2.112713777799025934e+02 4.394324183504018322e+01
1.421909302127640773e+00 5.324681096261604125e+02 3.384085430267616061e+02 2.382872023679607025e+02 1.541095604165924726e+02 3.504971827559444364e+01
1.790077753714996778e+00 3.016897491513321938e+02 9.014930977950579063e+02 1.602910344278459149e+02 1.090459659264595160e+02 2.819514150908979033e+01
2.253574373239230155e+00 1.955979484902818513e+02 7.223300253515894838e+02 1.171231054993246374e+02 7.744920723745478597e+01 2.290061403377982430e+01
2.837082045838980271e+00 1.518802210033266533e+02 4.680140653198666882e+02 9.218013394247658709e+01 5.743722713087281306e+01 1.933756106457233770e+01
3.571674682851676330e+00 1.236541431441049923e+02 4.542120265312827883e+02 7.423519106818440605e+01 4.511876488691562059e+01 1.621421081483773108e+01
4.496472020903849121e+00 1.023293742963712418e+02 3.286192967899110613e+02 6.117074896108242399e+01 3.750870376637558223e+01 1.381047500965820163e+01
5.660722890537329022e+00 8.235851300802477226e+01 2.900100135985481984e+02 4.947096227841279870e+01 3.093305121232810251e+01 1.149229852561992793e+01
7.126427896022375919e+00 6.852135145119406445e+01 2.098522859132772851e+02 4.214401441858000652e+01 2.561552986314739044e+01 9.512720695802599380e+00
8.971641173621408782e+00 5.574674175112020436e+01 1.758091398149187228e+02 3.385403041382392075e+01 2.071077507377148663e+01 7.762778196174162204e+00
1.129462705897083730e+01 4.241874611108936222e+01 1.237444494929507783e+02 2.577417212395288715e+01 1.609468629477217405e+01 6.069885129841640747e+00
1.421909302127640728e+01 3.087167732352997618e+01 8.307237034891834071e+01 1.939798894105842209e+01 1.216489818739060524e+01 4.692047588946275383e+00
1.790077753714997399e+01 2.280445260805829832e+01 6.353479722947107433e+01 1.421072227716740599e+01 9.116108015313159285e+00 3.480719842062527380e+00
2.253574373239231221e+01 1.600329336693010518e+01 4.039038195959400923e+01 1.019586014614605496e+01 6.334116966051771769e+00 2.477341395564609083e+00
2.837082045838980804e+01 1.153286982690565843e+01 2.978864197843545725e+01 7.029878515701095232e+00 4.337094883645159271e+00 1.630423333429102728e+00
3.571674682851676152e+01 6.655231235711037030e+00 1.956183072241571708e+01 4.222296972772555890e+00 2.616712229722664595e+00 9.993743549727767128e-01
4.496472020903848943e+01 2.958076139806567806e+00 6.650988059907726679e+00 1.873249074622591159e+00 1.353350328259704582e+00 5.503386629127500207e-01
5.660722890537330443e+01 1.404519212218780844e+00 4.620357989460792680e+00 9.801165624355281381e-01 6.560701680733400654e-01 2.866167754130102274e-01
7.126427896022379116e+01 9.644391821867595027e-01 1.568082230534529886e+00 6.157367162160396479e-01 4.803733982342015540e-01 1.515243871997384861e-01
8.971641173621409848e+01 8.581666845926894105e-01 1.117314365074737470e+00 5.085835301188685875e-01 3.526227641250694322e-01 1.206493990290555818e-01
