1.129462705897083669e-01 1.711516658396022467e+04 -2.000000000000000000e+02 5.138825446411786288e+03 1.465860717135918094e+03 2.257516798766056922e+02
1.421909302127640218e-01 1.417970237374736098e+04 -2.000000000000000000e+02 4.291428168415022810e+03 1.275225621333878507e+03 2.072397988655405925e+02
1.790077753714996445e-01 1.158013437527808128e+04 1.786559900261406028e+03 3.578110321104089962e+03 1.086132500197303898e+03 1.883389226650123476e+02
2.253574373239229933e-01 8.836450921107973045e+03 4.267172796598873674e+02 2.722806338252271871e+03 9.378015564323411581e+02 1.639095410721200494e+02
2.837082045838980049e-01 6.720375186984507309e+03 1.954318705140531733e+02 2.279911493130089639e+03 7.855159726714770159e+02 1.455205765003741476e+02
3.571674682851676552e-01 5.125745160857988594e+03 -2.000000000000000000e+02 1.717138153744286683e+03 6.755625428769143355e+02 1.232552431150132008e+02
4.496472020903848343e-01 3.717229267331169467e+03 1.148485262340532245e+02 1.293259257781631050e+03 5.596859374975871333e+02 1.042439352783319890e+02
5.660722890537328578e-01 2.742706526010539164e+03 -1.344009973859414231e+00 9.658784583641902373e+02 4.580003669867098779e+02 8.626362867071084395e+01
7.126427896022373698e-01 1.919381366963601977e+03 4.267172796598877653e+02 6.850785376682935066e+02 3.661556493490545563e+02 7.002147536606071299e+01
8.971641173621407450e-01 1.322009036364018129e+03 5.908637410281063467e+02 4.917010510543334476e+02 2.858511858312191976e+02 5.551948571669256438e+01
1.129462705897083641e+00 8.627459520380361937e+02 5.734519931213853852e+02 3.289798665329640812e+02 2.146676484163843384e+02 4.436732804226392091e+01
1.421909302127640773e+00 5.127972159844999851e+02 2.565303630393764251e+02 2.173251861672189591e+02 1.557716116272510760e+02 3.507232419809422908e+01
1.790077753714996778e+00 2.551227508201172611e+02 4.158335690810367282e+02 1.460754123719171105e+02 1.093681601218250989e+02 2.839136800106173197e+01
2.253574373239230155e+00 1.537740354291865970e+02 2.449692685585190475e+02 1.007091916378608829e+02 7.741947875873340479e+01 2.325108746743837429e+01
2.837082045838980271e+00 1.246595766733473027e+02 3.694218935402359989e+02 7.877938925416898996e+01 5.698394375320222593e+01 1.945416683930046986e+01
3.571674682851676330e+00 1.026127369266531275e+02 2.291411058608978237e+02 6.648920719632491227e+01 4.545571412595211314e+01 1.630936211098721955e+01
4.496472020903849121e+00 8.992578034774840035e+01 2.187485398912897097e+02 5.412122943396716579e+01 3.760315060780552443e+01 1.399500802645424002e+01
5.660722890537329022e+00 7.174205057914929284e+01 1.843993407005823144e+02 4.615383648602401934e+01 3.077051139687160131e+01 1.171128172762176156e+01
7.126427896022375919e+00 5.839779535881032047e+01 1.453212210925972556e+02 3.592125075892204222e+01 2.535196043341095162e+01 9.628882619586885738e+00
8.971641173621408782e+00 4.970274181673209313e+01 1.479800460523670154e+02 2.991529392310424740e+01 2.087876737499482616e+01 7.865125000613656603e+00
1.129462705897083730e+01 3.642281731282884749e+01 7.919121945252580019e+01 2.263315973974795625e+01 1.630979256671284716e+01 6.184580138253553017e+00
1.421909302127640728e+01 2.852785250935950145e+01 6.242624661608292058e+01 1.814400598188869296e+01 1.252381367408715462e+01 4.792795162826360311e+00
1.790077753714997399e+01 2.160097906196958206e+01 5.308773129330280227e+01 1.311178396692230663e+01 9.343894210143780299e+00 3.568351287897141955e+00
2.253574373239231221e+01 1.511321176093095531e+01 2.768638770043656194e+01 9.123394889928185592e+00 6.717926308399690960e+00 2.569533213931335158e+00
2.837082045838980804e+01 9.329151511597034485e+00 1.697346735106158278e+01 5.827911067532831169e+00 4.274968480857815223e+00 1.671470986836329331e+00
3.571674682851676152e+01 5.748473629638482407e+00 1.210049656531917606e+01 3.648525668427023305e+00 2.642566541566633731e+00 1.050025927930996250e+00
4.496472020903848943e+01 3.857463043304697692e+00 7.800027314474755613e+00 2.422300006951717766e+00 1.690749084316196971e+00 6.607650573432297669e-01
5.660722890537330443e+01 1.946460922019221940e+00 3.195279398237663937e+00 1.182194676031073532e+00 9.562610744839776800e-01 3.461424553172269825e-01
7.126427896022379116e+01 1.206099110540597152e+00 3.181742065735088332e+00 6.642015886977772343e-01 4.904010245796039946e-01 1.815371492843416146e-01
8.971641173621409848e+01 9.346633253525129525e-01 2.338533823336380379e+00 5.921190901907256166e-01 4.307768686681323622e-01 1.448154436743676055e-01
