1.129462705897083669e-01 1.711782795123686083e+04 -2.000000000000000000e+02 5.192612141968100332e+03 1.463973283744574928e+03 2.346802381474653032e+02
1.421909302127640218e-01 1.434281793249502516e+04 -2.000000000000000000e+02 4.431473898596943400e+03 1.264787580221662438e+03 2.086033306988620097e+02
1.790077753714996445e-01 1.125482762991601157e+04 -2.000000000000000000e+02 3.483588747711003634e+03 1.081074374002718969e+03 1.878731798787266030e+02
2.253574373239229933e-01 8.790636481051134979e+03 4.409366387617978944e+02 2.853629619270338935e+03 9.286106618472848595e+02 1.655013034935341523e+02
2.837082045838980049e-01 6.892447591647963236e+03 6.088073591464099081e+02 2.177262196998009131e+03 7.893062555247985301e+02 1.448407195099098885e+02
3.571674682851676552e-01 5.157025261120727919e+03 -2.000000000000000000e+02 1.713330982669637478e+03 6.637439247760156604e+02 1.227133551835606085e+02
4.496472020903848343e-01 3.716235316637659253e+03 4.439840185452469541e+02 1.289790770715352664e+03 5.540291534074399351e+02 1.045761039354721049e+02
5.660722890537328578e-01 2.719175693626609700e+03 6.126528924579849900e+02 9.614711632483313224e+02 4.531422493350431751e+02 8.648744395412037989e+01
7.126427896022373698e-01 1.910636933717207739e+03 1.845619832570790209e+02 7.179488826360584426e+02 3.660504210284657916e+02 6.992045967393256944e+01
8.971641173621407450e-01 1.317756702274965619e+03 4.066055193598076016e+02 4.937890983597735612e+02 2.850686029827800780e+02 5.584962839160745318e+01
1.129462705897083641e+00 8.547115861914550123e+02 1.827422076422920156e+02 3.311159552599868903e+02 2.148394955615605397e+02 4.457985860128640354e+01
1.421909302127640773e+00 5.050799352900263557e+02 2.507888129816722653e+02 2.175842497081463307e+02 1.550743786576605032e+02 3.529684560523513426e+01
1.790077753714996778e+00 2.542684269314807750e+02 3.383825412534157522e+02 1.431992202416753912e+02 1.101627085172008123e+02 2.820283920236311559e+01
2.253574373239230155e+00 1.636040552610199938e+02 3.063399446218198818e+02 1.021847933879085986e+02 7.872346135379058296e+01 2.327210689428526180e+01
2.837082045838980271e+00 1.293003938351576778e+02 4.066055193598072606e+02 8.201095592591281047e+01 5.855106084108727771e+01 1.967527487415377507e+01
3.571674682851676330e+00 1.075015309990392183e+02 2.950132552173645308e+02 6.698420281142165322e+01 4.666846538108676867e+01 1.672483660595696620e+01
4.496472020903849121e+00 9.078171629951900456e+01 2.475688928889456975e+02 5.703867597932572409e+01 3.842627498177911605e+01 1.414190551422678688e+01
5.660722890537329022e+00 7.545223581422345660e+01 2.063264462289928360e+02 4.584173893474160622e+01 3.135684812648489839e+01 1.183805432658882495e+01
7.126427896022375919e+00 6.100910580244414660e+01 1.717432504818424093e+02 3.825912756585341867e+01 2.587140050551830583e+01 9.825877504284257213e+00
8.971641173621408782e+00 4.918979729733233341e+01 1.336330356478943884e+02 3.096334501445797827e+01 2.068167621372257514e+01 7.930445351231581341e+00
1.129462705897083730e+01 4.030112909444646618e+01 1.008353752068415190e+02 2.492182810407023297e+01 1.667262488877030080e+01 6.273035421912751985e+00
1.421909302127640728e+01 3.134193929279249247e+01 7.385420388636588029e+01 1.885278308985425255e+01 1.296040137468523668e+01 4.844444313375912969e+00
1.790077753714997399e+01 2.290341029589638566e+01 5.649356918205109679e+01 1.407469515263714221e+01 9.544589726830166043e+00 3.608577557035146377e+00
2.253574373239231221e+01 1.709448553641503565e+01 4.182539380482586466e+01 1.043972069224437327e+01 6.944687301017934189e+00 2.575353554446869975e+00
2.837082045838980804e+01 1.155982653207583688e+01 3.115714324404458324e+01 7.342982121444139310e+00 4.510701098367642992e+00 1.717159694289821736e+00
3.571674682851676152e+01 7.296766579364319938e+00 1.966851103949945667e+01 4.551404759957312862e+00 2.834477228618471845e+00 1.087319841515057117e+00
4.496472020903848943e+01 3.805546877925126914e+00 7.411152772960069690e+00 2.480868187508210809e+00 1.698801078419394539e+00 6.343540095983388749e-01
5.660722890537330443e+01 2.114494183426682383e+00 4.991692122526402819e+00 1.317481429092779655e+00 9.882009005729897044e-01 3.627066621979777583e-01
7.126427896022379116e+01 1.337445853285439412e+00 3.439698509381884151e+00 8.710962629980936178e-01 5.402965071674519226e-01 2.237961967797290619e-01
8.971641173621409848e+01 1.133314011613222094e+00 3.180496691170143997e+00 6.530121844824190447e-01 4.757063664958864901e-01 1.583603967339914931e-01
