1.129462705897083669e-01 1.727194308646135323e+04 -2.000000000000000000e+02 5.263672514418398350e+03 1.472639319519416858e+03 2.317636299406965747e+02
1.421909302127640218e-01 1.377647852478262575e+04 -2.000000000000000000e+02 4.366717273774734167e+03 1.272573260218399810e+03 2.056558464726969646e+02
1.790077753714996445e-01 1.124847605606375691e+04 -2.000000000000000000e+02 3.534821360581672252e+03 1.098615378941076187e+03 1.905091546761078121e+02
2.253574373239229933e-01 9.036795529708344475e+03 4.387307561422048821e+02 2.795088424277390914e+03 9.379482134822310400e+02 1.672216313412933175e+02
2.837082045838980049e-01 6.810039891963525406e+03 6.060237234666229824e+02 2.267911151572512154e+03 8.011136448319480223e+02 1.448304186464179111e+02
3.571674682851676552e-01 5.152994415987125649e+03 5.428329407326884848e+01 1.741532097623622803e+03 6.762895034979510456e+02 1.242252793821111396e+02
4.496472020903848343e-01 3.810174222879929857e+03 4.417676478965835258e+02 1.322306686244532102e+03 5.663570671679669886e+02 1.032556310021500963e+02
5.660722890537328578e-01 2.703080972557458153e+03 2.049280108901278368e+02 9.407902449793145934e+02 4.638482224722480396e+02 8.673454637684424995e+01
7.126427896022373698e-01 1.910750174334710664e+03 3.748576805279847122e+02 7.163678895949523167e+02 3.728129191117734536e+02 7.018473305030848053e+01
8.971641173621407450e-01 1.312211746734285953e+03 3.239154202533048306e+02 4.933582372591333183e+02 2.919573083543378971e+02 5.577301571938653524e+01
1.129462705897083641e+00 8.650283086949871176e+02 3.848515763685181241e+02 3.307154366505358212e+02 2.203329705557166847e+02 4.401603517635678742e+01
1.421909302127640773e+00 5.192510871599664597e+02 2.973699271198518659e+02 2.178789647454522651e+02 1.615428669088745437e+02 3.512809572571278949e+01
1.790077753714996778e+00 2.590609302790384163e+02 2.150512111623814917e+02 1.386673059035162794e+02 1.153375213616067612e+02 2.791530771832974267e+01
2.253574373239230155e+00 1.595617322400455009e+02 2.471115292995431219e+02 1.009377660156016816e+02 8.114837274421175550e+01 2.322817017001213813e+01
2.837082045838980271e+00 1.258437715969596553e+02 3.158551830186394795e+02 7.791379242476010347e+01 6.013567514097150735e+01 1.931604513595366157e+01
3.571674682851676330e+00 1.080396627505416092e+02 3.517947481389939526e+02 6.626404517765988089e+01 4.750437290949759728e+01 1.633458792848588459e+01
4.496472020903849121e+00 9.137236176635543927e+01 2.460285152881248791e+02 5.475671598003785334e+01 3.856166390838432534e+01 1.392455033830008304e+01
5.660722890537329022e+00 7.512086409203939752e+01 1.988540907267762350e+02 4.639201241129635633e+01 3.157563250218873563e+01 1.163771053901313302e+01
7.126427896022375919e+00 6.270954400357074121e+01 1.717413000747629610e+02 3.789478754114207959e+01 2.585155336066697629e+01 9.611032432535456138e+00
8.971641173621408782e+00 4.905636173874658112e+01 1.349028571003824482e+02 3.074383488498290973e+01 2.066650226368281551e+01 7.791954104406995540e+00
1.129462705897083730e+01 3.727698252696057324e+01 8.835725547908673150e+01 2.354262560991964648e+01 1.631701726688975640e+01 6.201299046411511640e+00
1.421909302127640728e+01 3.086165284911916729e+01 6.986329594051287017e+01 1.873277917644173129e+01 1.305309843979319417e+01 4.820239060304700729e+00
1.790077753714997399e+01 2.223897561493311770e+01 5.378863082538732954e+01 1.397391653983789439e+01 9.628255273992685659e+00 3.660275976610339210e+00
2.253574373239231221e+01 1.642070378592483593e+01 4.099311429245338445e+01 1.040189405993059601e+01 6.797877147309488777e+00 2.540446612689465589e+00
2.837082045838980804e+01 1.084868409437154391e+01 2.375218563433513808e+01 6.908397515873078376e+00 4.562530328843502403e+00 1.722034191654978619e+00
3.571674682851676152e+01 6.962440374073294080e+00 1.517452344479996995e+01 4.470905356340143300e+00 2.834755899777546162e+00 1.062557756597026781e+00
4.496472020903848943e+01 4.363738185145768611e+00 1.037143498049973545e+01 2.596551365704376835e+00 1.669442127221696826e+00 5.932129735089310962e-01
5.660722890537330443e+01 2.486440855305211528e+00 7.616714383640551311e+00 1.503029424694425797e+00 9.386191897735913781e-01 3.445762981685911441e-01
7.126427896022379116e+01 1.142062848057521229e+00 3.359098140554763745e+00 7.886451257839637297e-01 4.825739415703478308e-01 1.686544854203630983e-01
8.971641173621409848e+01 5.403731733761603095e-01 2.465187987396635361e-01 3.139657321238038534e-01 2.699715763628720566e-01 9.318527541522847457e-02
