1.129462705897083669e-01 1.567331850382549055e+04 -2.000000000000000000e+02 4.995565371821129702e+03 1.465860717135918094e+03 2.257516798766056922e+02
1.421909302127640218e-01 1.293392593555437088e+04 1.374242631170267032e+03 4.190993728155297504e+03 1.275225621333878507e+03 2.072397988655405925e+02
1.790077753714996445e-01 1.078117442752546413e+04 -2.000000000000000000e+02 3.433627068301047984e+03 1.086132500197303898e+03 1.883389226650123476e+02
2.253574373239229933e-01 8.165936147940377850e+03 1.053434559319774735e+03 2.626045854824494199e+03 9.378015564323411581e+02 1.639095410721200494e+02
2.837082045838980049e-01 6.346718159931796436e+03 1.381727482056212693e+03 2.179504089847710475e+03 7.855159726714770159e+02 1.455205765003741476e+02
3.571674682851676552e-01 4.865303232869687236e+03 4.950064294238242724e+01 1.684029158727780441e+03 6.755625428769143355e+02 1.232552431150132008e+02
4.496472020903848343e-01 3.563556186961971434e+03 7.445455787021596734e+02 1.259915023615400969e+03 5.596859374975871333e+02 1.042439352783319890e+02
5.660722890537328578e-01 2.677031501179094448e+03 3.959679700784217857e+02 9.641041026280131518e+02 4.580003669867098779e+02 8.626362867071084395e+01
7.126427896022373698e-01 1.901109431539083516e+03 4.893890076258765589e+02 6.945146839860439059e+02 3.661556493490545563e+02 7.002147536606071299e+01
8.971641173621407450e-01 1.326847019909878782e+03 1.163454964112425500e+02 5.041132225153710351e+02 2.858511858312191976e+02 5.551948571669256438e+01
1.129462705897083641e+00 8.695005556566851510e+02 3.239513501790029864e+02 3.404088369280851794e+02 2.146676484163843384e+02 4.436732804226392091e+01
1.421909302127640773e+00 5.224683751757349910e+02 4.296970524681055394e+02 2.309842700425419650e+02 1.557716116272510760e+02 3.507232419809422908e+01
1.790077753714996778e+00 2.861761779156154830e+02 7.138175541202480190e+02 1.592309927587203049e+02 1.093681601218250989e+02 2.839136800106173197e+01
2.253574373239230155e+00 1.799257430055290001e+02 5.144576988122701096e+02 1.123844235225348740e+02 7.741947875873340479e+01 2.325108746743837429e+01
2.837082045838980271e+00 1.445467771214418633e+02 4.722341798738899570e+02 8.958706050195057458e+01 5.698394375320222593e+01 1.945416683930046986e+01
3.571674682851676330e+00 1.164142106666814271e+02 2.965062794553410868e+02 7.496383649766561064e+01 4.545571412595211314e+01 1.630936211098721955e+01
4.496472020903849121e+00 1.016705016367651808e+02 2.895894582939512247e+02 6.061532034116110879e+01 3.760315060780552443e+01 1.399500802645424002e+01
5.660722890537329022e+00 7.941103182521489146e+01 2.360498981073790503e+02 5.062521294119181903e+01 3.077051139687160131e+01 1.171128172762176156e+01
7.126427896022375919e+00 6.359387699515786352e+01 1.747769332366119102e+02 3.953417525583686398e+01 2.535196043341095162e+01 9.628882619586885738e+00
8.971641173621408782e+00 5.363283142909368451e+01 1.677516395780698133e+02 3.226048794549870280e+01 2.087876737499482616e+01 7.865125000613656603e+00
1.129462705897083730e+01 3.994885029798719955e+01 9.740476638731978198e+01 2.480116220188654097e+01 1.630979256671284716e+01 6.184580138253553017e+00
1.421909302127640728e+01 3.083130953537358820e+01 8.115973392700908562e+01 1.938075567924700593e+01 1.252381367408715462e+01 4.792795162826360311e+00
1.790077753714997399e+01 2.362630374505898700e+01 6.510641868988422232e+01 1.423482440822735384e+01 9.343894210143780299e+00 3.568351287897141955e+00
2.253574373239231221e+01 1.671135354145405927e+01 3.909264219024649378e+01 1.000119639950397499e+01 6.717926308399690960e+00 2.569533213931335158e+00
2.837082045838980804e+01 9.647223195782402172e+00 1.756661515683265051e+01 6.182465249877191482e+00 4.274968480857815223e+00 1.671470986836329331e+00
3.571674682851676152e+01 6.010279467972855727e+00 1.120229425072659879e+01 3.861059947975296502e+00 2.642566541566633731e+00 1.050025927930996250e+00
4.496472020903848943e+01 3.770463590071679860e+00 1.071237618213974940e+01 2.399541562788862326e+00 1.690749084316196971e+00 6.607650573432297669e-01
5.660722890537330443e+01 1.842673697738347105e+00 3.890575363329156655e+00 1.133602676798891151e+00 9.562610744839776800e-01 3.461424553172269825e-01
7.126427896022379116e+01 1.165476682677158093e+00 3.864863900564363686e+00 6.334621425575808207e-01 4.904010245796039946e-01 1.815371492843416146e-01
8.971641173621409848e+01 1.049776452997977838e+00 2.322716548515820989e+00 6.604465804042929378e-01 4.307768686681323622e-01 1.448154436743676055e-01
