1.129462705897083669e-01 1.567568705654755286e+04 2.357721085825966838e+03 5.015331683468069969e+03 1.459879182831644812e+03 2.243136864153297267e+02
1.421909302127640218e-01 1.255178090148934098e+04 4.641438712701250552e+03 4.160418740809028350e+03 1.247800230974968372e+03 2.054610562107940552e+02
1.790077753714996445e-01 1.009331226331914695e+04 -2.000000000000000000e+02 3.495693144134741488e+03 1.076393083301828256e+03 1.856770732683927747e+02
2.253574373239229933e-01 8.225659064262590618e+03 4.424704891072198052e+02 2.726116174411185511e+03 9.378776247915839122e+02 1.644789022459335399e+02
2.837082045838980049e-01 6.287639895206894835e+03 1.016114421141946877e+03 2.107051821131266934e+03 7.852846145827246573e+02 1.442651587623007003e+02
3.571674682851676552e-01 4.711581854506984200e+03 3.115442171651931744e+02 1.658888616721900917e+03 6.609804654592086308e+02 1.223380145173970845e+02
4.496472020903848343e-01 3.456369510769290173e+03 6.069064521168743340e+02 1.274691991119697150e+03 5.487994362703988145e+02 1.031582358711984853e+02
5.660722890537328578e-01 2.587455185906213956e+03 2.072988418172777187e+02 9.637583723665986781e+02 4.540771583295360188e+02 8.602202460032511055e+01
7.126427896022373698e-01 1.876134019624951634e+03 3.782234401964981316e+02 7.013959980553347577e+02 3.644913543456040657e+02 6.894152578476290216e+01
8.971641173621407450e-01 1.258205124176936124e+03 3.269829158281771129e+02 4.954872341204807640e+02 2.814434956337906897e+02 5.511195780479481954e+01
1.129462705897083641e+00 8.217091545520834188e+02 8.134931944085610667e+01 3.373274361150348000e+02 2.127767789945044683e+02 4.375402789315824492e+01
1.421909302127640773e+00 5.189710105409478729e+02 5.100776778628489865e+02 2.257102849002546918e+02 1.558305625938005221e+02 3.457919727190797232e+01
1.790077753714996778e+00 2.954951386067560293e+02 8.895244018612190757e+02 1.578662861237153834e+02 1.118514899276914463e+02 2.769556768430018323e+01
2.253574373239230155e+00 1.992425410497386906e+02 8.279527825715508698e+02 1.165209175602002603e+02 8.015780955307329236e+01 2.285743237629634450e+01
2.837082045838980271e+00 1.520698302963749313e+02 5.377760821594482650e+02 8.838658625925758372e+01 5.939338925111725587e+01 1.901585222164139211e+01
3.571674682851676330e+00 1.209721376889125679e+02 4.317571081990130324e+02 7.266708143877063719e+01 4.618860594327360758e+01 1.631718577032738082e+01
4.496472020903849121e+00 9.663684848709019093e+01 2.922129357912923524e+02 6.066924907159190639e+01 3.713468685828013349e+01 1.374201135865880197e+01
5.660722890537329022e+00 7.954275857229031033e+01 2.480287259990059283e+02 4.965690415416414538e+01 3.029702605410026806e+01 1.137632533750985075e+01
7.126427896022375919e+00 6.674028243054145548e+01 2.169633474305852019e+02 4.072770748748170888e+01 2.509053121184942725e+01 9.534864559949738805e+00
8.971641173621408782e+00 5.268908456337686630e+01 1.457818670780276591e+02 3.298975601571659411e+01 2.060366132952971441e+01 7.764974855313807822e+00
1.129462705897083730e+01 4.167275147035664418e+01 1.064149860819505164e+02 2.521110877115896542e+01 1.609294483771735784e+01 6.118569738975508265e+00
1.421909302127640728e+01 3.232722332467333359e+01 8.403107114513919385e+01 2.035937429240204821e+01 1.250590158463114676e+01 4.776427142161025152e+00
1.790077753714997399e+01 2.332711211489294456e+01 6.342052594532397336e+01 1.470077991779348281e+01 9.132652902852871790e+00 3.539015961010946842e+00
2.253574373239231221e+01 1.574982198425253266e+01 4.092643341520688693e+01 9.926650792591408035e+00 6.431911349601027617e+00 2.470009492965045794e+00
2.837082045838980804e+01 1.161712472728424039e+01 3.142657434331316679e+01 7.264902141819363557e+00 4.438911852398152114e+00 1.688483120414767669e+00
3.571674682851676152e+01 7.321256013655792927e+00 2.093594739364678503e+01 4.558620937022118902e+00 2.817263504433165533e+00 1.070200163767009993e+00
4.496472020903848943e+01 4.375012016318450492e+00 1.550857523137447558e+01 2.723717640967029840e+00 1.658306739661697282e+00 6.235080365549783288e-01
5.660722890537330443e+01 1.977969505787807725e+00 6.571790098677548819e+00 1.227745592814443620e+00 8.546570825959980411e-01 3.425909078258033702e-01
7.126427896022379116e+01 1.956449895956542395e-01 -1.438070636523050450e+00 2.371174653953720401e-01 3.108178994814159157e-01 1.212049659624812037e-01
8.971641173621409848e+01 6.968106158753100132e-01 2.020927640100755429e+00 3.629448643064219215e-01 2.999661550718863978e-01 7.538105693858399015e-02
