1.129462705897083669e-01 1.580393286464317862e+04 -2.000000000000000000e+02 4.964777488629627442e+03 1.472639319519416858e+03 2.317636299406965747e+02
1.421909302127640218e-01 1.238296572512234343e+04 3.008838239482920017e+03 4.230851351331167280e+03 1.272573260218399810e+03 2.056558464726969646e+02
1.790077753714996445e-01 1.043706401106926205e+04 8.123200272253196772e+02 3.431182946670362526e+03 1.098615378941076187e+03 1.905091546761078121e+02
2.253574373239229933e-01 8.389841217967952616e+03 1.077461512284409764e+03 2.740191924856670539e+03 9.379482134822310400e+02 1.672216313412933175e+02
2.837082045838980049e-01 6.289662060303471662e+03 2.030118617333114912e+02 2.187430251273554859e+03 8.011136448319480223e+02 1.448304186464179111e+02
3.571674682851676552e-01 4.873810329159193316e+03 5.628498822198065454e+02 1.669861569934488216e+03 6.762895034979510456e+02 1.242252793821111396e+02
4.496472020903848343e-01 3.640223552060829206e+03 6.022095598707294357e+02 1.282560834305819071e+03 5.663570671679669886e+02 1.032556310021500963e+02
5.660722890537328578e-01 2.596110252799341197e+03 4.073920163351917267e+02 9.479553698917017073e+02 4.638482224722480396e+02 8.673454637684424995e+01
7.126427896022373698e-01 1.859059677162574644e+03 3.109846049137641444e+02 7.189512542735741363e+02 3.728129191117734536e+02 7.018473305030848053e+01
8.971641173621407450e-01 1.302759774143255527e+03 2.433130479066425664e+02 5.057869332546687815e+02 2.919573083543378971e+02 5.577301571938653524e+01
1.129462705897083641e+00 8.482510490170651565e+02 3.085665881465375264e+02 3.434425796841224496e+02 2.203329705557166847e+02 4.401603517635678742e+01
1.421909302127640773e+00 5.213599640971381177e+02 4.578118390939976052e+02 2.290726944751310441e+02 1.615428669088745437e+02 3.512809572571278949e+01
1.790077753714996778e+00 2.870559503523212470e+02 6.807184236860299507e+02 1.528056327395653966e+02 1.153375213616067612e+02 2.791530771832974267e+01
2.253574373239230155e+00 1.905431066597763561e+02 5.664769073706453355e+02 1.124983229524351174e+02 8.114837274421175550e+01 2.322817017001213813e+01
2.837082045838980271e+00 1.513848711588772744e+02 4.972105207986298296e+02 9.114729742328505324e+01 6.013567514097150735e+01 1.931604513595366157e+01
3.571674682851676330e+00 1.279757658521977817e+02 4.509652328275689115e+02 7.521161240127209169e+01 4.750437290949759728e+01 1.633458792848588459e+01
4.496472020903849121e+00 1.052620041819604495e+02 3.214362139159739513e+02 6.176496415861930700e+01 3.856166390838432534e+01 1.392455033830008304e+01
5.660722890537329022e+00 8.436730874625311571e+01 2.818643329592518398e+02 5.071283863078397758e+01 3.157563250218873563e+01 1.163771053901313302e+01
7.126427896022375919e+00 6.836915958566615359e+01 2.094264146871529988e+02 4.100935658180573995e+01 2.585155336066697629e+01 9.611032432535456138e+00
8.971641173621408782e+00 5.352475581419879092e+01 1.687558534859805945e+02 3.322193349228943759e+01 2.066650226368281551e+01 7.791954104406995540e+00
1.129462705897083730e+01 4.118031684890218003e+01 1.025971199471897251e+02 2.563489079044104813e+01 1.631701726688975640e+01 6.201299046411511640e+00
1.421909302127640728e+01 3.375246827417108619e+01 9.296693126478980673e+01 2.058663927044034381e+01 1.305309843979319417e+01 4.820239060304700729e+00
1.790077753714997399e+01 2.344722293981076078e+01 5.773667893156607533e+01 1.519339521019430705e+01 9.628255273992685659e+00 3.660275976610339210e+00
2.253574373239231221e+01 1.764333220152176551e+01 4.488937190492082152e+01 1.093576251679708022e+01 6.797877147309488777e+00 2.540446612689465589e+00
2.837082045838980804e+01 1.153712007605674472e+01 2.685537696968164667e+01 7.343045314766132314e+00 4.562530328843502403e+00 1.722034191654978619e+00
3.571674682851676152e+01 7.218555728844080477e+00 1.901420118530633019e+01 4.585031833391321143e+00 2.834755899777546162e+00 1.062557756597026781e+00
4.496472020903848943e+01 4.053609223797039363e+00 1.078858395163251416e+01 2.446247154189197470e+00 1.669442127221696826e+00 5.932129735089310962e-01
5.660722890537330443e+01 2.337386288969083292e+00 7.313018375472955412e+00 1.415192670188109680e+00 9.386191897735913781e-01 3.445762981685911441e-01
7.126427896022379116e+01 1.034171281667022990e+00 2.662881616359763726e+00 7.399648476211788672e-01 4.825739415703478308e-01 1.686544854203630983e-01
8.971641173621409848e+01 6.026211642970951132e-01 1.306439995098278795e+00 3.570433886952173452e-01 2.699715763628720566e-01 9.318527541522847457e-02
