1.129462705897083669e-01 1.615637751782613304e+04 2.383746731961964997e+03 4.934889016154937053e+03 1.465180169407624135e+03 2.260279046092800570e+02
1.421909302127640218e-01 1.296927942043315852e+04 -2.000000000000000000e+02 4.245913984093477666e+03 1.266813387219846618e+03 2.068809746988769973e+02
1.790077753714996445e-01 1.065967064852316980e+04 1.857216201776445814e+03 3.364838286166354919e+03 1.098416212070600068e+03 1.885944343324885892e+02
2.253574373239229933e-01 8.191444543428866382e+03 4.490078358472479749e+02 2.723062643834563460e+03 9.381522390652015702e+02 1.660359724094450371e+02
2.837082045838980049e-01 6.484055274918461691e+03 1.028488781959050584e+03 2.125947976355534138e+03 7.880124404386991728e+02 1.441776014226198299e+02
3.571674682851676552e-01 4.794843659950549409e+03 5.751240195885890216e+02 1.680956821942937268e+03 6.656933900871911192e+02 1.242862113084363358e+02
4.496472020903848343e-01 3.702394962880962794e+03 1.260467953616198429e+02 1.306500508633049549e+03 5.585673144537207691e+02 1.043643976771404880e+02
5.660722890537328578e-01 2.644412522990544858e+03 4.171648605329338579e+02 9.873336202043237790e+02 4.553260014201964623e+02 8.604337114469650771e+01
7.126427896022373698e-01 1.922356249060379241e+03 7.086109701861478243e+02 7.083303237884585997e+02 3.662630341746964291e+02 6.982230099127870915e+01
8.971641173621407450e-01 1.339250227128895403e+03 2.913955127836202337e+02 5.081048243249269376e+02 2.850725500659121963e+02 5.589044556319408485e+01
1.129462705897083641e+00 8.709658828264567774e+02 1.617245424746747631e+02 3.496113069972762446e+02 2.138748875746435090e+02 4.425448211470961013e+01
1.421909302127640773e+00 5.465650737646227526e+02 7.292333667806154835e+02 2.371508802934375240e+02 1.549201665224716749e+02 3.543483912761494281e+01
1.790077753714996778e+00 3.052668381960730812e+02 7.977498578615770839e+02 1.612945546685178613e+02 1.096579079780450883e+02 2.831342077085693987e+01
2.253574373239230155e+00 1.973190395834851927e+02 8.578827724310135636e+02 1.184527016736574865e+02 7.714873893462711862e+01 2.328614705513055227e+01
2.837082045838980271e+00 1.547086364109420344e+02 5.739479326342029708e+02 9.068188252851228981e+01 5.715140548907604767e+01 1.936506437009567705e+01
3.571674682851676330e+00 1.270085468014212324e+02 4.071804820110615992e+02 7.559613483614101881e+01 4.567047646971163744e+01 1.648748644227802984e+01
4.496472020903849121e+00 1.080576863856714169e+02 3.493888501843282484e+02 6.360692753503087005e+01 3.838642202983929508e+01 1.401404108546596738e+01
5.660722890537329022e+00 8.940258995597849889e+01 2.762455507112472333e+02 5.289587035685923411e+01 3.186668608279505932e+01 1.176571218144401243e+01
7.126427896022375919e+00 7.197546946585649152e+01 2.581995321081564612e+02 4.362978467755172574e+01 2.599453244307725086e+01 9.742463031238990823e+00
8.971641173621408782e+00 5.475377125334733108e+01 1.759175672794697789e+02 3.443501784466160842e+01 2.062750536401568269e+01 7.929695963412541460e+00
1.129462705897083730e+01 4.220859682874650787e+01 1.115998558746126434e+02 2.619007933893742290e+01 1.611540963993320474e+01 6.248141886518993715e+00
1.421909302127640728e+01 3.171591170295161888e+01 8.985560107647970085e+01 2.038426280627012588e+01 1.240065621315835465e+01 4.877326960008964818e+00
1.790077753714997399e+01 2.417902903159880879e+01 6.352939544756241474e+01 1.542985848047214503e+01 9.216612933334545232e+00 3.619291905147150157e+00
2.253574373239231221e+01 1.721369618317594785e+01 4.837529877874127493e+01 1.118785818210684369e+01 6.639123284381767576e+00 2.633807152003299734e+00
2.837082045838980804e+01 1.240825355155232046e+01 3.742593192661982471e+01 7.841011824407719821e+00 4.574408464331467528e+00 1.785042127179763405e+00
3.571674682851676152e+01 8.055303758591762175e+00 2.088450811542813312e+01 5.169949497247380066e+00 2.892605240127233301e+00 1.130737413694808069e+00
4.496472020903848943e+01 4.359726725051912055e+00 1.038169470708485598e+01 2.949330054119889688e+00 1.714032828598178293e+00 6.649261874222400781e-01
5.660722890537330443e+01 2.583892256584427560e+00 7.387965301083253777e+00 1.665081507151223494e+00 9.166027322030771973e-01 3.561267192684782756e-01
7.126427896022379116e+01 1.128876305467396035e+00 3.833891004544813796e+00 6.636608351802384398e-01 4.122452164085725901e-01 1.612781155090565743e-01
8.971641173621409848e+01 7.976859448535931207e-01 1.783377399381099959e+00 4.786522395942423014e-01 3.406840507755486414e-01 1.065299410603333108e-01
