1.129462705897083669e-01 1.684869297224611728e+04 -2.000000000000000000e+02 5.358950708339219091e+03 1.462838260267394389e+03 2.301550270857101168e+02
1.421909302127640218e-01 1.367557111515995166e+04 1.416819141445349032e+03 4.276440074688885943e+03 1.255027206545694753e+03 2.072039164488742529e+02
1.790077753714996445e-01 1.153265919980283797e+04 -2.000000000000000000e+02 3.468307627042845979e+03 1.081413911138985668e+03 1.908778677152507726e+02
2.253574373239229933e-01 8.945910419387970251e+03 -2.000000000000000000e+02 2.894975418664314475e+03 9.185636117783024019e+02 1.622667606243783212e+02
2.837082045838980049e-01 6.709148218521830131e+03 1.018379819080461402e+03 2.224761877282128353e+03 7.786342916731822470e+02 1.451317189035555657e+02
3.571674682851676552e-01 5.139331676116660674e+03 5.624856507175519482e+01 1.713208224054060111e+03 6.575602926075648611e+02 1.236549565517068316e+02
4.496472020903848343e-01 3.735639215013141893e+03 1.233638282890696019e+02 1.320238948511900162e+03 5.477075809365990153e+02 1.051784159295145287e+02
5.660722890537328578e-01 2.707453695264206544e+03 1.060431735973306644e+02 9.695941614794184034e+02 4.530598515261966099e+02 8.550776694046781756e+01
7.126427896022373698e-01 1.872355702087201053e+03 1.218336468487711954e+02 6.975347672612566612e+02 3.573021904479733166e+02 6.942497260224104139e+01
8.971641173621407450e-01 1.291916449786328258e+03 4.498025701762461495e+02 4.935268945925252524e+02 2.785774397888326916e+02 5.598585731128761722e+01
1.129462705897083641e+00 8.581788289731547366e+02 2.868722736363348531e+02 3.245674960353291567e+02 2.100935539171178164e+02 4.402814031905335668e+01
1.421909302127640773e+00 5.163154438143840252e+02 4.628958479925922234e+02 2.174957230186197989e+02 1.526687209543681547e+02 3.457422499416991712e+01
1.790077753714996778e+00 2.574477768509905218e+02 3.304748342353734074e+02 1.418744541631631932e+02 1.087724691436690847e+02 2.775129510240923736e+01
2.253574373239230155e+00 1.602743789458085359e+02 3.728638913908116592e+02 1.041163853385628784e+02 7.730589331623673388e+01 2.290018548235870455e+01
2.837082045838980271e+00 1.296546274723897909e+02 3.401483864590044845e+02 7.905215084124390046e+01 5.747938913001828354e+01 1.932261193642973751e+01
3.571674682851676330e+00 1.091566620463893003e+02 3.304345296985339360e+02 6.713936079540731328e+01 4.580295763227633898e+01 1.639254637680645743e+01
4.496472020903849121e+00 8.997739839047714838e+01 2.381579873316889575e+02 5.583089128988255823e+01 3.734701420151882445e+01 1.378929925776553311e+01
5.660722890537329022e+00 7.372619237321838170e+01 2.192791478283434117e+02 4.648432722423090979e+01 3.084242887839890557e+01 1.166104619320099545e+01
7.126427896022375919e+00 6.047718411257038440e+01 1.553043461210428688e+02 3.808457016774598003e+01 2.544044556797030410e+01 9.641961600816175704e+00
8.971641173621408782e+00 4.896016304082861836e+01 1.313993107898858739e+02 3.096700587796744486e+01 2.050541400584494056e+01 7.796992514262457874e+00
1.129462705897083730e+01 3.912785411017773640e+01 1.051920410004602502e+02 2.443190733259357117e+01 1.618597643732364233e+01 6.124433015139366887e+00
1.421909302127640728e+01 2.834940479982438788e+01 7.340411681840791402e+01 1.808711197527516035e+01 1.216575284421019454e+01 4.684030431851106790e+00
1.790077753714997399e+01 2.219064425301046839e+01 5.146547430580638860e+01 1.380787518762454980e+01 9.174655891771676508e+00 3.518945681246935298e+00
2.253574373239231221e+01 1.569599257296393446e+01 4.169706878342652345e+01 1.014283385527288672e+01 6.352024536873639882e+00 2.480591856057980493e+00
2.837082045838980804e+01 1.003622580273230902e+01 2.012062064720395327e+01 6.407726969295868713e+00 4.282314145134115790e+00 1.660507005257152224e+00
3.571674682851676152e+01 7.330822540982102176e+00 1.970751969252279423e+01 4.505698494635272944e+00 2.780159536277775789e+00 1.071044355295605710e+00
4.496472020903848943e+01 3.804238847961388892e+00 9.022378606054221706e+00 2.494749036264305886e+00 1.606188680367476751e+00 6.260818310418607702e-01
5.660722890537330443e+01 2.049115793842682720e+00 5.426379557647988960e+00 1.267747582678487417e+00 9.143859653161863221e-01 3.381345902855223962e-01
7.126427896022379116e+01 4.820975255714687879e-01 -1.091219422287095231e-01 3.518276569669991360e-01 4.251633586610319426e-01 1.506262250498495714e-01
8.971641173621409848e+01 3.909608876592245430e-01 -9.614114889516971463e-01 2.446490611940286275e-01 3.013132349909763974e-01 1.104439601613422806e-01
