1.129462705897083669e-01 1.541642533853515488e+04 -2.000000000000000000e+02 5.031325392558229396e+03 1.500830203019607552e+03 2.274496495568691614e+02
1.421909302127640218e-01 1.326713908473689298e+04 -2.000000000000000000e+02 4.300276610125570187e+03 1.273261666007635085e+03 2.077319005798220530e+02
1.790077753714996445e-01 1.066085455323678616e+04 1.821425064795819480e+03 3.336248903415271798e+03 1.094344684491255748e+03 1.888046654512980922e+02
2.253574373239229933e-01 8.292256726918842105e+03 -2.000000000000000000e+02 2.774962956693193973e+03 9.508692422710788605e+02 1.653584530198176594e+02
2.837082045838980049e-01 6.403559729784893534e+03 -2.000000000000000000e+02 2.173318723531381238e+03 8.040666392576862336e+02 1.459931286130645560e+02
3.571674682851676552e-01 4.745092136155521075e+03 1.069397548143497716e+03 1.708518527192976308e+03 6.753554688103175749e+02 1.262742169580079832e+02
4.496472020903848343e-01 3.611485664203394208e+03 1.401871412132580190e+03 1.297187927609991220e+03 5.611659826591123874e+02 1.048016505545176784e+02
5.660722890537328578e-01 2.654137612596929557e+03 5.074987726785367386e+02 9.634079906391518762e+02 4.615943551918021512e+02 8.643925251303940627e+01
7.126427896022373698e-01 1.877549372949069266e+03 6.928030936644915982e+02 7.172533563058110531e+02 3.698769190027069840e+02 6.948558201751802699e+01
8.971641173621407450e-01 1.312130011103146217e+03 4.142314390953512770e+01 5.095525696922800876e+02 2.877975141859877795e+02 5.550557955097848861e+01
1.129462705897083641e+00 8.487841842967533239e+02 5.387950962869939531e+01 3.438137765351812618e+02 2.181138228444676770e+02 4.386427405852270311e+01
1.421909302127640773e+00 5.140436747139115141e+02 2.485239953971220075e+02 2.352969041662664438e+02 1.585647544077351938e+02 3.487292048261976873e+01
1.790077753714996778e+00 3.041701038705273845e+02 7.904982817499518433e+02 1.590072503861327391e+02 1.129685903739747914e+02 2.785246478543020388e+01
2.253574373239230155e+00 1.999541804495956114e+02 7.820834030309391665e+02 1.167996751578405537e+02 7.950533827565665490e+01 2.283114788913246684e+01
2.837082045838980271e+00 1.520409830781055689e+02 5.524354651847186233e+02 8.983194233646743498e+01 5.938602656235151045e+01 1.915164335462316814e+01
3.571674682851676330e+00 1.207691093036585528e+02 3.661513064720005559e+02 7.227298470390236673e+01 4.600444844615400086e+01 1.618848941767160454e+01
4.496472020903849121e+00 1.032070337991262932e+02 3.334231802401485538e+02 6.044261777689813186e+01 3.764100451572690531e+01 1.362052374794555476e+01
5.660722890537329022e+00 8.434932968205188786e+01 2.679599025002333406e+02 5.033983017915817726e+01 3.106987392749606158e+01 1.138039735256496243e+01
7.126427896022375919e+00 6.658179882812963513e+01 1.877316292485787699e+02 4.089698009004084156e+01 2.509380277624856603e+01 9.407770493484035157e+00
8.971641173621408782e+00 5.336564559966180354e+01 1.593181125186917768e+02 3.297103280280261117e+01 2.023952404451424769e+01 7.673040936256669831e+00
1.129462705897083730e+01 4.435609865534900109e+01 1.333437961424823186e+02 2.637444684439428144e+01 1.653906559295986867e+01 6.105763472913310785e+00
1.421909302127640728e+01 3.218679197126360947e+01 7.856543856985531704e+01 1.935089801191631054e+01 1.243082872718868614e+01 4.666319896196503336e+00
1.790077753714997399e+01 2.467280812988983030e+01 6.258311591697654563e+01 1.514955109702589198e+01 9.435853802629075915e+00 3.534915160464198181e+00
2.253574373239231221e+01 1.620949821274473379e+01 4.131192188760199002e+01 1.038634725484832266e+01 6.552418718895850702e+00 2.479108864068696239e+00
2.837082045838980804e+01 1.084621979188400864e+01 2.766202470669226088e+01 6.891044087255175477e+00 4.398621082300586238e+00 1.705810331655260192e+00
3.571674682851676152e+01 7.035004672985946783e+00 1.490900490069404327e+01 4.386598538350590104e+00 2.922847706773583187e+00 1.089227904477290565e+00
4.496472020903848943e+01 3.560872431710730091e+00 6.112794599098759996e+00 2.265469195404001379e+00 1.662805147038053821e+00 6.178018096143125248e-01
5.660722890537330443e+01 1.690399829142832600e+00 3.547396899614770227e+00 1.016202347974426434e+00 7.797581305391325657e-01 3.055762586317323226e-01
7.126427896022379116e+01 7.007509928318058634e-01 -2.110194289265897805e+00 4.351042313120296878e-01 4.400276602711854501e-01 1.695318322155094926e-01
8.971641173621409848e+01 6.652298744187696844e-01 7.352967226486795127e-01 4.483515436509384333e-01 3.519001428229928674e-01 1.334659394029291679e-01
