1.129462705897083669e-01 1.729893110558163244e+04 -2.000000000000000000e+02 5.568937423640816633e+03 1.473108091217262427e+03 2.318529967659736997e+02
1.421909302127640218e-01 1.379649838477528829e+04 -2.000000000000000000e+02 4.403109655812446363e+03 1.259237940810960481e+03 2.074294630679198690e+02
1.790077753714996445e-01 1.135982942579374685e+04 8.294328016776225923e+02 3.606254661087755267e+03 1.087030574241079876e+03 1.909619601627745453e+02
2.253574373239229933e-01 8.863605171459788835e+03 -2.000000000000000000e+02 2.831694934742228725e+03 9.256577750726659133e+02 1.682072996099381044e+02
2.837082045838980049e-01 6.899678108446373699e+03 2.098245799508379719e+02 2.273787006552097409e+03 7.947112168877873728e+02 1.447003702448327829e+02
3.571674682851676552e-01 5.063572622911427970e+03 8.343273146739647927e+02 1.719306034988816918e+03 6.606509728743913001e+02 1.245933082171156201e+02
4.496472020903848343e-01 3.819036279409971939e+03 2.894623118425107577e+02 1.303832448193900291e+03 5.537516336985331691e+02 1.052547942164185457e+02
5.660722890537328578e-01 2.731439997928553566e+03 5.206029611743358601e+02 9.627785425668756716e+02 4.520275652336628127e+02 8.665918660656322459e+01
7.126427896022373698e-01 1.899718579783543419e+03 1.897169121203912141e+02 7.102411671684448038e+02 3.615958630950868269e+02 6.915988293744406690e+01
8.971641173621407450e-01 1.325104387643667678e+03 4.967017859164244555e+02 4.911810207675464994e+02 2.813307100309074258e+02 5.581061387113193462e+01
1.129462705897083641e+00 8.552947072405745530e+02 3.171636573369821690e+02 3.354740680527729069e+02 2.112713777799025934e+02 4.394324183504018322e+01
1.421909302127640773e+00 5.255804799408400640e+02 3.384085430267615493e+02 2.228071756711591433e+02 1.541095604165924726e+02 3.504971827559444364e+01
1.790077753714996778e+00 2.664229193469625443e+02 5.308972891911133729e+02 1.467949585787006583e+02 1.090459659264595160e+02 2.819514150908979033e+01
2.253574373239230155e+00 1.618296211921405927e+02 3.456036769685459831e+02 1.017611067295647729e+02 7.744920723745478597e+01 2.290061403377982430e+01
2.837082045838980271e+00 1.287388983252271260e+02 3.163789707380565801e+02 7.977524270322544453e+01 5.743722713087281306e+01 1.933756106457233770e+01
3.571674682851676330e+00 1.036014927921133619e+02 2.706189281766540375e+02 6.472292627133845144e+01 4.511876488691562059e+01 1.621421081483773108e+01
4.496472020903849121e+00 8.861255542003021901e+01 2.388845396187840322e+02 5.490103141122862951e+01 3.750870376637558223e+01 1.381047500965820163e+01
5.660722890537329022e+00 7.173105533359371577e+01 1.870667334307865701e+02 4.430219747423736720e+01 3.093305121232810251e+01 1.149229852561992793e+01
7.126427896022375919e+00 6.156328125447569732e+01 1.526938054689532009e+02 3.787570707624557542e+01 2.561552986314739044e+01 9.512720695802599380e+00
8.971641173621408782e+00 5.046838115476531783e+01 1.290891377005232528e+02 3.020242081465889683e+01 2.071077507377148663e+01 7.762778196174162204e+00
1.129462705897083730e+01 3.821304837807682020e+01 8.935306628004153140e+01 2.356253004648517901e+01 1.609468629477217405e+01 6.069885129841640747e+00
1.421909302127640728e+01 2.838795631579321821e+01 6.659380585022051946e+01 1.781379122877148191e+01 1.216489818739060524e+01 4.692047588946275383e+00
1.790077753714997399e+01 2.139641323439017029e+01 5.015217080766195323e+01 1.359333486858079709e+01 9.116108015313159285e+00 3.480719842062527380e+00
2.253574373239231221e+01 1.488322188076144492e+01 3.811703330555838676e+01 9.511123677399634602e+00 6.334116966051771769e+00 2.477341395564609083e+00
2.837082045838980804e+01 1.048611031491893186e+01 2.896899281853379549e+01 6.327602436930737539e+00 4.337094883645159271e+00 1.630423333429102728e+00
3.571674682851676152e+01 5.871649609947308335e+00 1.490735780638286734e+01 3.775009863875546934e+00 2.616712229722664595e+00 9.993743549727767128e-01
4.496472020903848943e+01 2.893791596076915607e+00 4.415776835826930480e+00 1.913902037731229244e+00 1.353350328259704582e+00 5.503386629127500207e-01
5.660722890537330443e+01 1.316049248579590714e+00 3.024737146860479342e+00 9.719492431119052256e-01 6.560701680733400654e-01 2.866167754130102274e-01
7.126427896022379116e+01 1.106425692243507619e+00 2.932091422955895865e+00 5.915173487862330770e-01 4.803733982342015540e-01 1.515243871997384861e-01
8.971641173621409848e+01 1.165840373466034974e+00 2.379574071323323103e+00 7.026134935439083407e-01 3.526227641250694322e-01 1.206493990290555818e-01
