1.129462705897083669e-01 1.579680957620892514e+04 4.903229435230566196e+03 5.015541295515418824e+03 1.463973283744574928e+03 2.346802381474653032e+02
1.421909302127640218e-01 1.304072359807716384e+04 -2.000000000000000000e+02 4.226307730281903787e+03 1.264787580221662438e+03 2.086033306988620097e+02
1.790077753714996445e-01 1.048820714212126950e+04 -2.000000000000000000e+02 3.315686824972609884e+03 1.081074374002718969e+03 1.878731798787266030e+02
2.253574373239229933e-01 8.128637724367086776e+03 1.722809916285393683e+03 2.831794873581699903e+03 9.286106618472848595e+02 1.655013034935341523e+02
2.837082045838980049e-01 6.416423425194282572e+03 1.822018397866024770e+03 2.101744960433141841e+03 7.893062555247985301e+02 1.448407195099098885e+02
3.571674682851676552e-01 4.852073755641646130e+03 1.075807358807640867e+03 1.649907424940222427e+03 6.637439247760156604e+02 1.227133551835606085e+02
4.496472020903848343e-01 3.536264316275447982e+03 4.439840185452469541e+02 1.280040299349884890e+03 5.540291534074399351e+02 1.045761039354721049e+02
5.660722890537328578e-01 2.624198479609720380e+03 9.173977271297294465e+02 9.598049609616153930e+02 4.531422493350431751e+02 8.648744395412037989e+01
7.126427896022373698e-01 1.878940235142807524e+03 3.768429748856185597e+02 7.185958380638688823e+02 3.660504210284657916e+02 6.992045967393256944e+01
8.971641173621407450e-01 1.326506380608032487e+03 1.639633116158844643e+02 5.051166838445031999e+02 2.850686029827800780e+02 5.584962839160745318e+01
1.129462705897083641e+00 8.480736331627075515e+02 2.337745019945976139e+02 3.433821357142543320e+02 2.148394955615605397e+02 4.457985860128640354e+01
1.421909302127640773e+00 5.095584763128651957e+02 5.566812217906644946e+02 2.355210543242037318e+02 1.550743786576605032e+02 3.529684560523513426e+01
1.790077753714996778e+00 2.908725928845472595e+02 7.548671486381324485e+02 1.599509616935133920e+02 1.101627085172008123e+02 2.820283920236311559e+01
2.253574373239230155e+00 1.975294279539321849e+02 6.973112942665161427e+02 1.164825083425429284e+02 7.872346135379058296e+01 2.327210689428526180e+01
2.837082045838980271e+00 1.567160526120962913e+02 6.128513959421417212e+02 9.376205023732381960e+01 5.855106084108727771e+01 1.967527487415377507e+01
3.571674682851676330e+00 1.278425850821807188e+02 4.787295148856646847e+02 7.681002505457780671e+01 4.666846538108676867e+01 1.672483660595696620e+01
4.496472020903849121e+00 1.008750207898790308e+02 3.023075344652926333e+02 6.314694002015071561e+01 3.842627498177911605e+01 1.414190551422678688e+01
5.660722890537329022e+00 8.331729105760578591e+01 2.408641941584571953e+02 5.105182531589861128e+01 3.135684812648489839e+01 1.183805432658882495e+01
7.126427896022375919e+00 6.694563330627445907e+01 2.134041320013592440e+02 4.228885118683434996e+01 2.587140050551830583e+01 9.825877504284257213e+00
8.971641173621408782e+00 5.480625748446197321e+01 1.712425778482025862e+02 3.423813977306135570e+01 2.068167621372257514e+01 7.930445351231581341e+00
1.129462705897083730e+01 4.432859208060134648e+01 1.373234656687399706e+02 2.733095745680739697e+01 1.667262488877030080e+01 6.273035421912751985e+00
1.421909302127640728e+01 3.474438643097670365e+01 1.015455166838114422e+02 2.069785666094881194e+01 1.296040137468523668e+01 4.844444313375912969e+00
1.790077753714997399e+01 2.470457597438752728e+01 7.274662703121080654e+01 1.541368094412414180e+01 9.544589726830166043e+00 3.608577557035146377e+00
2.253574373239231221e+01 1.797258313910895211e+01 4.740154256205347849e+01 1.092736334595729630e+01 6.944687301017934189e+00 2.575353554446869975e+00
2.837082045838980804e+01 1.200606012706218451e+01 3.568646445526448474e+01 7.543459974459924666e+00 4.510701098367642992e+00 1.717159694289821736e+00
3.571674682851676152e+01 7.050242204999653595e+00 2.071467307372174105e+01 4.415028013489393999e+00 2.834477228618471845e+00 1.087319841515057117e+00
4.496472020903848943e+01 3.622258439768218263e+00 7.958539188723527502e+00 2.212283328353612077e+00 1.698801078419394539e+00 6.343540095983388749e-01
5.660722890537330443e+01 1.944293969327542504e+00 4.930743155592053562e+00 1.148989927083701179e+00 9.882009005729897044e-01 3.627066621979777583e-01
7.126427896022379116e+01 7.911070290035677743e-01 1.247695204816539727e+00 5.397176059301911355e-01 5.402965071674519226e-01 2.237961967797290619e-01
8.971641173621409848e+01 7.834310411278984088e-01 1.983461799633454037e+00 4.310170215616371259e-01 4.757063664958864901e-01 1.583603967339914931e-01
