1.129462705897083669e-01 1.695504603739442609e+04 -2.000000000000000000e+02 5.209412594275216179e+03 1.468940207262312924e+03 2.251423606133530768e+02
1.421909302127640218e-01 1.401086242345706160e+04 -2.000000000000000000e+02 4.428084197879967178e+03 1.270023832881044427e+03 2.071218994964940521e+02
1.790077753714996445e-01 1.122615199608970397e+04 -2.000000000000000000e+02 3.489333406242574711e+03 1.075225112741689372e+03 1.866506050647264203e+02
2.253574373239229933e-01 8.921601048267913939e+03 4.654344105844877504e+02 2.813383545686775506e+03 9.218966156714378712e+02 1.639115817931731556e+02
2.837082045838980049e-01 6.914786958874055017e+03 -2.000000000000000000e+02 2.252422705940984997e+03 7.845214151170109744e+02 1.430908603242258152e+02
3.571674682851676552e-01 5.173684147416617634e+03 3.298284207734487836e+02 1.719045705064281947e+03 6.617614188754498628e+02 1.240920415698799104e+02
4.496472020903848343e-01 3.723314264423024269e+03 8.028974002040498590e+02 1.322548629678220323e+03 5.482272001044702847e+02 1.035724214807188162e+02
5.660722890537328578e-01 2.705491977338618199e+03 1.163927402094183776e+02 9.720979582664430154e+02 4.488121435872311054e+02 8.593502126038691813e+01
7.126427896022373698e-01 1.875799670183429498e+03 3.988909695260393846e+02 6.851453663595110584e+02 3.588755471652084452e+02 6.898887051319474040e+01
8.971641173621407450e-01 1.282008318019532680e+03 4.297910929421965420e+02 4.914303490843594773e+02 2.769128552955563123e+02 5.569305526653081273e+01
1.129462705897083641e+00 8.532260100379975256e+02 4.093026838894655839e+02 3.362174546150554875e+02 2.089120482224412854e+02 4.414285482568172370e+01
1.421909302127640773e+00 5.078370955998036038e+02 3.181636567720917128e+02 2.170657271345315849e+02 1.521973633563206647e+02 3.483252713357249775e+01
1.790077753714996778e+00 2.655296575572389770e+02 4.116926310715423369e+02 1.502711904029450807e+02 1.071909916604502939e+02 2.799936782260451551e+01
2.253574373239230155e+00 1.628104613293342027e+02 4.454713782669522288e+02 1.036455664713081717e+02 7.619118657346022871e+01 2.299405865080103339e+01
2.837082045838980271e+00 1.334146992087373746e+02 4.004008419382269608e+02 8.146450716880968912e+01 5.758079509172969779e+01 1.917039092617842400e+01
3.571674682851676330e+00 1.083887572815976341e+02 3.006878576309086952e+02 6.537941786032540392e+01 4.521514574813355836e+01 1.631771384702221184e+01
4.496472020903849121e+00 9.125714312402162420e+01 2.228884037527072621e+02 5.441216335716167407e+01 3.762915365006625734e+01 1.378745387633698094e+01
5.660722890537329022e+00 7.495061946602706371e+01 2.260755568153499837e+02 4.596949064260207507e+01 3.093025167033832901e+01 1.155405472535144895e+01
7.126427896022375919e+00 5.987557531647666309e+01 1.779667452119886946e+02 3.738244062773514997e+01 2.552005683542780901e+01 9.487634111896920075e+00
8.971641173621408782e+00 4.829321385377718201e+01 1.085976355416766239e+02 2.949155067116478790e+01 2.053797132514410961e+01 7.833487186006276914e+00
1.129462705897083730e+01 3.870643453947023716e+01 1.025320282616391552e+02 2.404743791925183771e+01 1.641508862194727669e+01 6.224952007785287122e+00
1.421909302127640728e+01 3.011660938349336902e+01 7.145089632189568363e+01 1.851843127936420430e+01 1.283615205820474614e+01 4.831078113167701638e+00
1.790077753714997399e+01 2.179433561067121516e+01 5.058305024585894216e+01 1.387777503494822362e+01 9.474586449112761599e+00 3.612289591728339744e+00
2.253574373239231221e+01 1.534132340761334845e+01 3.503143381844054716e+01 9.579383595075469771e+00 6.797219311638430739e+00 2.568349799792646770e+00
2.837082045838980804e+01 1.061224430082980774e+01 1.803367637658903178e+01 6.482865733404109321e+00 4.732971859236071666e+00 1.732183246171152380e+00
3.571674682851676152e+01 7.282745972371627907e+00 1.717666967503652486e+01 4.510043648493440749e+00 3.020896229663589061e+00 1.121133485952560127e+00
4.496472020903848943e+01 4.769817502202334580e+00 1.162806639972425060e+01 2.974443374187636380e+00 1.883193831449185174e+00 6.962705035922061025e-01
5.660722890537330443e+01 2.881399604367649747e+00 7.353255508578888211e+00 1.826805800924766965e+00 1.039388432537017515e+00 3.973378726832286212e-01
7.126427896022379116e+01 2.107056887265502443e+00 6.530878013107055402e+00 1.344301591268411755e+00 7.527553140514120500e-01 2.717881603007332725e-01
8.971641173621409848e+01 1.265077433820679831e+00 3.132819117576595147e+00 7.048652939540465123e-01 4.753627099156578772e-01 1.542347206403835713e-01
