1.129462705897083669e-01 1.530362748716144779e+04 -2.000000000000000000e+02 4.915980275564285876e+03 1.452405129612557857e+03 2.282458267275191588e+02
1.421909302127640218e-01 1.260843412283919315e+04 -2.000000000000000000e+02 4.025439386991384254e+03 1.252742455444898951e+03 2.050355932703213853e+02
1.790077753714996445e-01 1.049356193720853116e+04 8.327415429811865124e+02 3.391378637589058144e+03 1.077063106746120866e+03 1.874462489912978356e+02
2.253574373239229933e-01 8.305214641823453348e+03 -2.000000000000000000e+02 2.701206167298191758e+03 9.125457366182229180e+02 1.649094943881366362e+02
2.837082045838980049e-01 6.286185764063061470e+03 1.855709067946466348e+03 2.077110248142813816e+03 7.737307203433447285e+02 1.429105952131178583e+02
3.571674682851676552e-01 4.747627462526735144e+03 5.782388407212127959e+02 1.680512292915220314e+03 6.503677174409821191e+02 1.230984449579362519e+02
4.496472020903848343e-01 3.579743795073117781e+03 1.109428032834135593e+03 1.295596626457153434e+03 5.472017622084025561e+02 1.032325637342931657e+02
5.660722890537328578e-01 2.639907915801518357e+03 3.163707714905933130e+02 9.708488829275605667e+02 4.479627634292272660e+02 8.555434121909638634e+01
7.126427896022373698e-01 1.832319705557967154e+03 6.471006199419238101e+02 7.230369256271950462e+02 3.561722980473286952e+02 6.936089396117390038e+01
8.971641173621407450e-01 1.288594878385553557e+03 4.167127203839399385e+02 4.989277614329000698e+02 2.763263620619209746e+02 5.503843539162146214e+01
1.129462705897083641e+00 8.371575187603006043e+02 1.372368309791920353e+02 3.441572167467268173e+02 2.076961871845089718e+02 4.386492399907015738e+01
1.421909302127640773e+00 5.272762839357201301e+02 5.692889692900533873e+02 2.273981759008684378e+02 1.508315869028837710e+02 3.460262336393158478e+01
1.790077753714996778e+00 2.872450584824899806e+02 8.327415429811866261e+02 1.566049014956197141e+02 1.075711842800178317e+02 2.805289589977833131e+01
2.253574373239230155e+00 1.905999827671257094e+02 7.448429991659879761e+02 1.155775185125762334e+02 7.682117968011965559e+01 2.275755948795786310e+01
2.837082045838980271e+00 1.520246159289922332e+02 6.181722090426935665e+02 8.863632883259903394e+01 5.717005278266570656e+01 1.921763326136804295e+01
3.571674682851676330e+00 1.200500661063826726e+02 4.433441083295357998e+02 7.290313818934919254e+01 4.522533594645720001e+01 1.617410135880203015e+01
4.496472020903849121e+00 1.029403958190719806e+02 3.401390635440801020e+02 6.074627298154988608e+01 3.730153449825371581e+01 1.372257334094467218e+01
5.660722890537329022e+00 8.548297792110548698e+01 2.915849744590454407e+02 4.973586355555924854e+01 3.132603759035283275e+01 1.151585411390130353e+01
7.126427896022375919e+00 6.653616315537126980e+01 2.098663768795916837e+02 4.125103010118446178e+01 2.514730983989521462e+01 9.503178284158332545e+00
8.971641173621408782e+00 5.031483053875005851e+01 1.486482579237212178e+02 3.166226898638685228e+01 1.992834816211337312e+01 7.587962241853373868e+00
1.129462705897083730e+01 3.981730121325978899e+01 1.094796456601354748e+02 2.505249171093344529e+01 1.574916321555391541e+01 6.073844080201417306e+00
1.421909302127640728e+01 2.902275506565584706e+01 7.432517287875096201e+01 1.854246968500430626e+01 1.205646383629884077e+01 4.669660036582186535e+00
1.790077753714997399e+01 2.308370669906524952e+01 5.880503067108495685e+01 1.438669514539768812e+01 9.074631959334897857e+00 3.478916059063144051e+00
2.253574373239231221e+01 1.582665370320328613e+01 3.718817358373789261e+01 1.024351262926697004e+01 6.462181922272261403e+00 2.470531917554640522e+00
2.837082045838980804e+01 1.167308182430367225e+01 2.781367890982804525e+01 7.240493093268671743e+00 4.430279289446609425e+00 1.698434140830307415e+00
3.571674682851676152e+01 7.922286106146206208e+00 2.091606558606148880e+01 4.867579812156438201e+00 2.869064250436013985e+00 1.080431527865275187e+00
4.496472020903848943e+01 4.872075808391921115e+00 1.459888673110404156e+01 2.855643732376483612e+00 1.810805099224657599e+00 6.442158304737282126e-01
5.660722890537330443e+01 2.802411749994917489e+00 7.797925863244252298e+00 1.841230290704851225e+00 1.144883376606923520e+00 4.228938585749597578e-01
7.126427896022379116e+01 1.440059807208525111e+00 2.613435972877745872e+00 7.797585418528523160e-01 5.786831107890839654e-01 2.036426682828849088e-01
8.971641173621409848e+01 8.755329039569708094e-01 2.396891993737829019e+00 4.670213227457620242e-01 3.005181362887419105e-01 1.019455546393470691e-01
