1.129462705897083669e-01 1.762856487487175036e+04 -2.000000000000000000e+02 5.448803784843413268e+03 1.486282398502763499e+03 2.269703184031105820e+02
1.421909302127640218e-01 1.426131043542750376e+04 -2.000000000000000000e+02 4.290145415595799022e+03 1.280769421531774242e+03 2.044717267227070749e+02
1.790077753714996445e-01 1.147295694237667158e+04 -2.000000000000000000e+02 3.581715204736934538e+03 1.093282758217015271e+03 1.852080961572022773e+02
2.253574373239229933e-01 9.173063781812423258e+03 4.377164954746365311e+02 2.802389404775509320e+03 9.472544681524454973e+02 1.645931826249068308e+02
2.837082045838980049e-01 6.874996556955602500e+03 -2.000000000000000000e+02 2.223706575478542163e+03 7.966687910666109929e+02 1.444132336749965759e+02
3.571674682851676552e-01 5.116463630823564927e+03 5.387950962869953742e+01 1.703059194370785235e+03 6.718039415845358917e+02 1.238150044115210449e+02
4.496472020903848343e-01 3.820475814309092584e+03 4.407485648530321214e+02 1.273886180191511585e+03 5.602792422924907214e+02 1.043218513830932608e+02
5.660722890537328578e-01 2.746019568876021822e+03 3.053562661989548133e+02 9.683940248847483190e+02 4.586756111997725043e+02 8.538259856665354164e+01
7.126427896022373698e-01 1.918032621740899458e+03 6.290314441170279451e+02 7.062021110491149329e+02 3.645075439590655151e+02 6.979822048285220149e+01
8.971641173621407450e-01 1.304825702434224695e+03 3.633206691222484892e+02 4.899572939350509841e+02 2.845802161320097525e+02 5.534308342939402792e+01
1.129462705897083641e+00 8.629651156377971120e+02 2.569831173316588888e+02 3.304865817045389349e+02 2.140746583741029383e+02 4.388645327970510124e+01
1.421909302127640773e+00 5.162854905780903891e+02 4.087111366103798673e+02 2.186817451374371331e+02 1.543172746322174476e+02 3.478828923988238842e+01
1.790077753714996778e+00 2.617273985184572211e+02 3.659990181428303231e+02 1.438190229918545526e+02 1.091909015414357498e+02 2.786187667090305808e+01
2.253574373239230155e+00 1.626610367554634706e+02 3.739448459271723664e+02 1.071600853171454304e+02 7.715940349089144945e+01 2.293402063741900321e+01
2.837082045838980271e+00 1.228453955074022019e+02 2.546802543629576689e+02 7.834961971093281363e+01 5.689419498322804714e+01 1.918024112689251837e+01
3.571674682851676330e+00 1.041863742432642823e+02 2.849098633908166676e+02 6.538137985894853443e+01 4.507439472953234372e+01 1.627114560679602207e+01
4.496472020903849121e+00 8.753946924095187399e+01 2.148846957423375841e+02 5.322920727169910293e+01 3.785654785328700456e+01 1.369075588948066269e+01
5.660722890537329022e+00 7.316806030760059798e+01 2.012528753619709789e+02 4.451384093372672623e+01 3.106324768650242518e+01 1.132918505202294668e+01
7.126427896022375919e+00 6.092009139983655785e+01 1.737018663481368037e+02 3.635386963122954995e+01 2.536451637749881982e+01 9.346626409291200588e+00
8.971641173621408782e+00 4.605161958095753505e+01 1.263236161843888254e+02 2.932274873454764474e+01 2.030221911713550043e+01 7.645111432506357829e+00
1.129462705897083730e+01 3.898336151290343565e+01 1.031321344966671774e+02 2.423567292699476283e+01 1.632932691273459724e+01 6.073168954457723423e+00
1.421909302127640728e+01 3.106801064895413234e+01 8.753591847779772195e+01 1.831548993097342048e+01 1.273359132245318293e+01 4.653387873229944738e+00
1.790077753714997399e+01 2.233239803559953529e+01 5.631669821610951487e+01 1.344023628000990733e+01 9.181863140074005614e+00 3.447488770828545768e+00
2.253574373239231221e+01 1.634677049297825135e+01 4.239603992990885217e+01 1.020815600833706505e+01 6.646555024617258667e+00 2.513877649010800575e+00
2.837082045838980804e+01 1.050446089288565510e+01 3.043839086165192143e+01 6.729192199182477019e+00 4.519049006548810254e+00 1.729432658097233011e+00
3.571674682851676152e+01 6.777477620029114469e+00 1.587374703728309555e+01 4.194526364176924815e+00 2.955769897965461190e+00 1.099172319823845001e+00
4.496472020903848943e+01 4.644864814164094469e+00 9.060237997422705192e+00 2.883654423221747365e+00 1.961862712831144773e+00 7.459151085649953217e-01
5.660722890537330443e+01 2.500500674851345195e+00 3.810182158038225353e+00 1.699020560854057171e+00 1.159818984770181860e+00 4.648581245437863885e-01
7.126427896022379116e+01 1.466031891019637490e+00 3.756797469100745968e+00 9.294014251766973267e-01 5.881678380177723930e-01 2.279190451160861830e-01
8.971641173621409848e+01 5.875857835115485539e-01 1.938388723131199365e+00 4.091202746803623835e-01 2.246153947135660633e-01 7.402368640410106337e-02
