1.129462705897083669e-01 1.727029205396524412e+04 -2.000000000000000000e+02 5.022607952429842044e+03 1.485173680192682241e+03 2.286276667991573674e+02
1.421909302127640218e-01 1.470758598425787386e+04 -2.000000000000000000e+02 4.306157658207695022e+03 1.271036576202282276e+03 2.053021483655572297e+02
1.790077753714996445e-01 1.139086906845458179e+04 -2.000000000000000000e+02 3.603400166225308112e+03 1.088269262205555833e+03 1.862915950002977468e+02
2.253574373239229933e-01 8.924219724987269728e+03 4.498754352903431482e+02 2.830062281469798108e+03 9.194184694431394291e+02 1.653604937408704814e+02
2.837082045838980049e-01 6.759383550475301490e+03 2.100436788937046231e+02 2.231802999216634817e+03 7.850925094122782184e+02 1.432234839416838668e+02
3.571674682851676552e-01 5.068229790278709515e+03 3.174401415113214853e+02 1.708796748845868024e+03 6.622091430911468706e+02 1.233429850889215800e+02
4.496472020903848343e-01 3.814898192229939923e+03 4.529653152308781046e+02 1.295643431539475614e+03 5.509430315314577911e+02 1.035883122652424362e+02
5.660722890537328578e-01 2.654231741959147257e+03 3.149915766696836954e+02 9.919987762218158878e+02 4.497183271030410765e+02 8.608056588110125062e+01
7.126427896022373698e-01 1.873278139805745013e+03 2.549128047032405675e+02 7.025856040798499862e+02 3.590522750286835389e+02 6.940966719434288734e+01
8.971641173621407450e-01 1.303302389736323903e+03 2.510480467830751650e+02 4.838643126890650592e+02 2.796619710482098071e+02 5.546154335955066017e+01
1.129462705897083641e+00 8.625830153777802707e+02 3.433121485868871900e+02 3.338990091158729001e+02 2.110770842555019158e+02 4.422629094346310552e+01
1.421909302127640773e+00 5.131331339569466081e+02 1.101585247346668552e+02 2.179497023611334043e+02 1.538578505430336918e+02 3.480720439952503398e+01
1.790077753714996778e+00 2.597869526336041872e+02 3.870903974034398516e+02 1.463197830352558810e+02 1.086742677200345781e+02 2.835708415707123820e+01
2.253574373239230155e+00 1.670806459433094346e+02 3.783891374084042809e+02 1.052863072623015483e+02 7.692297728048305316e+01 2.330341155523972319e+01
2.837082045838980271e+00 1.220537887559775783e+02 2.715502307277604359e+02 7.983974297978907941e+01 5.700935028413181271e+01 1.943630771722142114e+01
3.571674682851676330e+00 1.081298763364203239e+02 3.407249478793318644e+02 6.608717450495934997e+01 4.608197382905842687e+01 1.637238197132121087e+01
4.496472020903849121e+00 9.042433552408172659e+01 2.489136542212285974e+02 5.507552358214843480e+01 3.877468628925978322e+01 1.401967975094212449e+01
5.660722890537329022e+00 7.523438387789643400e+01 1.769738341222093823e+02 4.585426469808501793e+01 3.217168466634710455e+01 1.176793416265358694e+01
7.126427896022375919e+00 6.185030647973303530e+01 1.444339807038810193e+02 3.808260396610735654e+01 2.619752805255801320e+01 9.745630230313402365e+00
8.971641173621408782e+00 5.085781565412275995e+01 1.276248994360703790e+02 3.153251331861268980e+01 2.116536550053016796e+01 7.996903947265349366e+00
1.129462705897083730e+01 3.773830284683396741e+01 9.390600037843043424e+01 2.428621146323301261e+01 1.653349916955473375e+01 6.330652651445904056e+00
1.421909302127640728e+01 2.960731599777389533e+01 7.587784568504565641e+01 1.881701132763779327e+01 1.269589130523637976e+01 4.852034982318707890e+00
1.790077753714997399e+01 2.188739581290176872e+01 5.110989278413740777e+01 1.400443425283231491e+01 9.433823901299655645e+00 3.637129853861893025e+00
2.253574373239231221e+01 1.677612891686105101e+01 4.604283980092339590e+01 1.016417523853953142e+01 6.717643467774328414e+00 2.573281406289556816e+00
2.837082045838980804e+01 1.196605663523130403e+01 3.315083581896110587e+01 7.252093294657647959e+00 4.661762745960194465e+00 1.712431984229431547e+00
3.571674682851676152e+01 7.755336136922962531e+00 1.898066788759111034e+01 4.629268231924545063e+00 3.074688927771544122e+00 1.101982500265968001e+00
4.496472020903848943e+01 4.706593277125503683e+00 1.094044508533481341e+01 2.830317598132252144e+00 1.773254910246985894e+00 6.649162428667629854e-01
5.660722890537330443e+01 2.862557622398246515e+00 8.509789562021280673e+00 1.804050589659276893e+00 9.473496644689962665e-01 3.656071400860687604e-01
7.126427896022379116e+01 1.431625794996112644e+00 3.573480104699593429e+00 7.830014401768619070e-01 4.500460591239259234e-01 1.557548631644332104e-01
8.971641173621409848e+01 1.059832819843404605e+00 3.320158179443965185e+00 5.823405045243141842e-01 3.699609314161496076e-01 1.034696446494518529e-01
