1.129462705897083669e-01 1.607169033134089295e+04 -2.000000000000000000e+02 4.958118193931225505e+03 1.478365074596745444e+03 2.245736626343175431e+02
1.421909302127640218e-01 1.337818251308870458e+04 -2.000000000000000000e+02 4.037807372072069484e+03 1.269552455981278626e+03 2.063734948060242687e+02
1.790077753714996445e-01 1.051847908649241435e+04 8.728443026013878807e+02 3.376144082375213657e+03 1.078105392952504644e+03 1.874753579154406395e+02
2.253574373239229933e-01 8.166250675466738357e+03 -2.000000000000000000e+02 2.747856664269872454e+03 9.307506497459415868e+02 1.622790049506971854e+02
2.837082045838980049e-01 6.495048808211014148e+03 2.271070097530786143e+02 2.074231111388793124e+03 7.899443591604436961e+02 1.426311842909004781e+02
3.571674682851676552e-01 4.851046089571067569e+03 1.147431523413391687e+03 1.719653737087163563e+03 6.660401707951876915e+02 1.226792333048184958e+02
4.496472020903848343e-01 3.604107253980846053e+03 1.400687263527261734e+02 1.303482201658277745e+03 5.537646591085426735e+02 1.034909171342909815e+02
5.660722890537328578e-01 2.614340243834156809e+03 5.509910118209716074e+02 9.350141273601192324e+02 4.557030063540672700e+02 8.491491518542495953e+01
7.126427896022373698e-01 1.924393119195274267e+03 -1.323081007789922978e+02 7.082922324162813084e+02 3.640944402575442496e+02 6.910049795479899615e+01
8.971641173621407450e-01 1.327528804674810090e+03 1.355350487653933556e+01 5.008323450244716923e+02 2.831295536150500993e+02 5.511092771844563742e+01
1.129462705897083641e+00 8.484399224702071933e+02 6.948630468267816696e+01 3.432401707899710459e+02 2.126330693506540683e+02 4.312196071074431103e+01
1.421909302127640773e+00 5.147084769130482300e+02 4.801374527054514942e+02 2.267033629810489117e+02 1.548742935148946174e+02 3.450533075417053652e+01
1.790077753714996778e+00 2.920120718654080747e+02 6.904607711591532961e+02 1.588920729741351181e+02 1.099007922354939950e+02 2.768023698425160717e+01
2.253574373239230155e+00 1.918445738185029938e+02 5.987644108078885665e+02 1.139587854697572880e+02 7.809008615683688959e+01 2.272907102205666519e+01
2.837082045838980271e+00 1.567945022847214886e+02 4.876422857024574569e+02 9.180110365564395636e+01 5.847824477333630711e+01 1.910034505443359265e+01
3.571674682851676330e+00 1.268927875780709940e+02 5.006643921749645187e+02 7.483274271782548226e+01 4.586954669667901641e+01 1.620991308296759215e+01
4.496472020903849121e+00 1.001051092354568652e+02 2.982006841067429832e+02 6.121802889655410951e+01 3.714341416107524907e+01 1.356794062935076539e+01
5.660722890537329022e+00 8.385684165810980062e+01 2.731243374472120422e+02 5.101501943950133722e+01 3.086986454703536964e+01 1.142213954978581469e+01
7.126427896022375919e+00 6.560428148264799120e+01 1.905822585052132752e+02 4.040199105629988452e+01 2.525594320842935048e+01 9.520467272920155821e+00
8.971641173621408782e+00 5.474478726388201011e+01 1.510819620170310316e+02 3.231399275657091863e+01 2.066029344705949455e+01 7.753531883582260420e+00
1.129462705897083730e+01 4.337153175196198163e+01 1.285038054081847179e+02 2.663990512899746221e+01 1.636942612523537477e+01 6.165985339190453551e+00
1.421909302127640728e+01 3.276226769047272569e+01 8.786817685758221330e+01 2.052693652429229587e+01 1.269665725239395471e+01 4.774160398639621938e+00
1.790077753714997399e+01 2.367605043793646757e+01 5.533694401912993044e+01 1.458115815385078484e+01 9.383224675174664853e+00 3.561187905098073703e+00
2.253574373239231221e+01 1.674086441141707837e+01 4.694004835823541555e+01 1.099223820886501457e+01 6.550970838063960855e+00 2.555219800537032349e+00
2.837082045838980804e+01 1.148796343862743541e+01 2.769074689936685019e+01 7.416222342853004967e+00 4.508864224318212877e+00 1.744298735527925581e+00
3.571674682851676152e+01 7.986785686714084065e+00 1.814916364062795751e+01 5.064181605416401055e+00 3.005716113359108377e+00 1.109139239361854656e+00
4.496472020903848943e+01 5.152231123643010946e+00 1.427730447485241605e+01 3.016483470077599982e+00 1.904752698580780557e+00 6.493710060155870600e-01
5.660722890537330443e+01 2.320677477065141936e+00 5.181472872515132444e+00 1.361503590953991649e+00 1.058655166122927538e+00 3.403461246256525019e-01
7.126427896022379116e+01 1.760321443160681065e+00 5.025224360587619010e+00 8.550436626950848051e-01 6.123951192054220005e-01 1.916105769538383186e-01
8.971641173621409848e+01 1.129339817029104243e+00 4.216945643337566274e+00 6.295485925097521474e-01 4.214362879852533439e-01 1.430425363066221145e-01
