1.129462705897083669e-01 1.665062551479194735e+04 2.357721085825966838e+03 5.208730880630055253e+03 1.459879182831644812e+03 2.243136864153297267e+02
1.421909302127640218e-01 1.356593818309410017e+04 -2.000000000000000000e+02 4.404472028540877545e+03 1.247800230974968372e+03 2.054610562107940552e+02
1.790077753714996445e-01 1.096922724317866960e+04 1.836494209086388764e+03 3.622732595964372194e+03 1.076393083301828256e+03 1.856770732683927747e+02
2.253574373239229933e-01 9.023217522427265067e+03 -2.000000000000000000e+02 2.803843665485750535e+03 9.378776247915839122e+02 1.644789022459335399e+02
2.837082045838980049e-01 6.786689117915116185e+03 -2.000000000000000000e+02 2.215865381339629948e+03 7.852846145827246573e+02 1.442651587623007003e+02
3.571674682851676552e-01 5.015920751607608508e+03 5.577210858259658721e+01 1.721743355799542542e+03 6.609804654592086308e+02 1.223380145173970845e+02
4.496472020903848343e-01 3.672085752225388205e+03 2.841438712701246345e+02 1.300520964071316484e+03 5.487994362703988145e+02 1.031582358711984853e+02
5.660722890537328578e-01 2.681865183735381379e+03 1.054741313629583033e+02 9.695328929043091648e+02 4.540771583295360188e+02 8.602202460032511055e+01
7.126427896022373698e-01 1.899134149435095424e+03 5.067175380179421609e+02 6.910323325787264821e+02 3.644913543456040657e+02 6.894152578476290216e+01
8.971641173621407450e-01 1.258727142192321708e+03 1.242971789711859287e+02 4.827667756735878584e+02 2.814434956337906897e+02 5.511195780479481954e+01
1.129462705897083641e+00 8.307339227128601351e+02 2.092353737321543008e+02 3.254011522900461273e+02 2.127767789945044683e+02 4.375402789315824492e+01
1.421909302127640773e+00 5.119467244511435524e+02 3.971107745664866115e+02 2.085452036631145631e+02 1.558305625938005221e+02 3.457919727190797232e+01
1.790077753714996778e+00 2.585965644551890250e+02 5.738677994528285353e+02 1.421210934575578619e+02 1.118514899276914463e+02 2.769556768430018323e+01
2.253574373239230155e+00 1.643452217910394211e+02 4.039222597607852094e+02 1.017122111877651776e+02 8.015780955307329236e+01 2.285743237629634450e+01
2.837082045838980271e+00 1.269920848372712925e+02 3.229292010910376121e+02 7.699947707125581076e+01 5.939338925111725587e+01 1.901585222164139211e+01
3.571674682851676330e+00 1.040292882659083205e+02 3.115442171651927197e+02 6.419297328312316608e+01 4.618860594327360758e+01 1.631718577032738082e+01
4.496472020903849121e+00 8.559749709388435690e+01 2.615504906108511136e+02 5.505805723115717143e+01 3.713468685828013349e+01 1.374201135865880197e+01
5.660722890537329022e+00 6.916290381096112583e+01 1.594412279037481994e+02 4.481785594356268376e+01 3.029702605410026806e+01 1.137632533750985075e+01
7.126427896022375919e+00 6.049715366984573706e+01 1.617108853673643409e+02 3.773519908111100563e+01 2.509053121184942725e+01 9.534864559949738805e+00
8.971641173621408782e+00 4.894934750115749011e+01 1.226756930763304041e+02 3.044872949704811660e+01 2.060366132952971441e+01 7.764974855313807822e+00
1.129462705897083730e+01 3.818537025552830499e+01 1.069265302991157256e+02 2.333030157875873201e+01 1.609294483771735784e+01 6.118569738975508265e+00
1.421909302127640728e+01 2.996972328317244205e+01 5.998525887205645546e+01 1.828817539051776464e+01 1.250590158463114676e+01 4.776427142161025152e+00
1.790077753714997399e+01 2.162589640401013114e+01 5.537637381943275727e+01 1.365097208403770068e+01 9.132652902852871790e+00 3.539015961010946842e+00
2.253574373239231221e+01 1.457797364385371885e+01 2.814127068197326409e+01 9.213582028118810996e+00 6.431911349601027617e+00 2.470009492965045794e+00
2.837082045838980804e+01 1.060733307832315475e+01 2.202195615314874644e+01 6.613451193567250641e+00 4.438911852398152114e+00 1.688483120414767669e+00
3.571674682851676152e+01 6.503691067353669197e+00 1.415798651620796456e+01 4.202573015046917604e+00 2.817263504433165533e+00 1.070200163767009993e+00
4.496472020903848943e+01 4.183984685734207787e+00 1.373338103671734345e+01 2.495222750328085493e+00 1.658306739661697282e+00 6.235080365549783288e-01
5.660722890537330443e+01 2.080928853420393576e+00 6.785621990631620193e+00 1.257683273735506813e+00 8.546570825959980411e-01 3.425909078258033702e-01
7.126427896022379116e+01 6.056595338874093404e-01 1.086838385668317697e+00 4.699274943909963476e-01 3.108178994814159157e-01 1.212049659624812037e-01
8.971641173621409848e+01 8.763639324471965697e-01 3.103269474917091486e+00 4.836206351628509204e-01 2.999661550718863978e-01 7.538105693858399015e-02
