1.129462705897083669e-01 1.569522234402323011e+04 2.449142103867245623e+03 5.074915373920283855e+03 1.468940207262312924e+03 2.251423606133530768e+02
1.421909302127640218e-01 1.325402089599534702e+04 1.471495667006751091e+03 4.210754662648576414e+03 1.270023832881044427e+03 2.071218994964940521e+02
1.790077753714996445e-01 1.032710618178145705e+04 8.546424673647279633e+02 3.323476647802642674e+03 1.075225112741689372e+03 1.866506050647264203e+02
2.253574373239229933e-01 8.212947414512465912e+03 1.796303231753463251e+03 2.726039095087158330e+03 9.218966156714378712e+02 1.639115817931731556e+02
2.837082045838980049e-01 6.502704955583545598e+03 6.397214572562620560e+02 2.140121814594099760e+03 7.845214151170109744e+02 1.430908603242258152e+02
3.571674682851676552e-01 4.877491555677231190e+03 6.491421038672439181e+01 1.665574858923175498e+03 6.617614188754498628e+02 1.240920415698799104e+02
4.496472020903848343e-01 3.538543455763377096e+03 3.014487001020248726e+02 1.305783208388941830e+03 5.482272001044702847e+02 1.035724214807188162e+02
5.660722890537328578e-01 2.627592458710126721e+03 4.327854804188366984e+02 9.629562471713283003e+02 4.488121435872311054e+02 8.593502126038691813e+01
7.126427896022373698e-01 1.849372444411551669e+03 9.312384979936299487e+02 6.960222224719159385e+02 3.588755471652084452e+02 6.898887051319474040e+01
8.971641173621407450e-01 1.286681412902207740e+03 3.878050200793834392e+02 5.062478278037403925e+02 2.769128552955563123e+02 5.569305526653081273e+01
1.129462705897083641e+00 8.424370943660430839e+02 1.443884735027415331e+02 3.496343724504617967e+02 2.089120482224412854e+02 4.414285482568172370e+01
1.421909302127640773e+00 5.126994853013732154e+02 6.023179201632395916e+02 2.322787946007293272e+02 1.521973633563206647e+02 3.483252713357249775e+01
1.790077753714996778e+00 2.961559066618641509e+02 8.124567686701391267e+02 1.637878632364355838e+02 1.071909916604502939e+02 2.799936782260451551e+01
2.253574373239230155e+00 1.922843927475241230e+02 7.648798953475059079e+02 1.161374709155553120e+02 7.619118657346022871e+01 2.299405865080103339e+01
2.837082045838980271e+00 1.547516256162279547e+02 5.893381698208871740e+02 9.202910953996105548e+01 5.758079509172969779e+01 1.917039092617842400e+01
3.571674682851676330e+00 1.221194953013714013e+02 4.066535417855984633e+02 7.274396077976011554e+01 4.521514574813355836e+01 1.631771384702221184e+01
4.496472020903849121e+00 1.006817228151509767e+02 2.930912217669909978e+02 5.935278812475540633e+01 3.762915365006625734e+01 1.378745387633698094e+01
5.660722890537329022e+00 8.309005204601058381e+01 2.661519705752094751e+02 5.113325145261373450e+01 3.093025167033832901e+01 1.155405472535144895e+01
7.126427896022375919e+00 6.593195482776440031e+01 2.145656377941355402e+02 4.068999369100736629e+01 2.552005683542780901e+01 9.487634111896920075e+00
8.971641173621408782e+00 5.219843428186786838e+01 1.279112290585706546e+02 3.205575435691864072e+01 2.053797132514410961e+01 7.833487186006276914e+00
1.129462705897083730e+01 4.194712995497175001e+01 1.205461945679363964e+02 2.657172111591332353e+01 1.641508862194727669e+01 6.224952007785287122e+00
1.421909302127640728e+01 3.262517965300751399e+01 7.679968245631728507e+01 1.996729484757350548e+01 1.283615205820474614e+01 4.831078113167701638e+00
1.790077753714997399e+01 2.382079021170546795e+01 6.334422410097219114e+01 1.503302612562509211e+01 9.474586449112761599e+00 3.612289591728339744e+00
2.253574373239231221e+01 1.641995820217510627e+01 4.002219189782417885e+01 1.028695604535745289e+01 6.797219311638430739e+00 2.568349799792646770e+00
2.837082045838980804e+01 1.161090591859802501e+01 2.538123912758134892e+01 6.894271730268872744e+00 4.732971859236071666e+00 1.732183246171152380e+00
3.571674682851676152e+01 6.994393772766518858e+00 1.659385841218573177e+01 4.360686125499294796e+00 3.020896229663589061e+00 1.121133485952560127e+00
4.496472020903848943e+01 4.670624752290315485e+00 1.243038431988749082e+01 2.911624789480275144e+00 1.883193831449185174e+00 6.962705035922061025e-01
5.660722890537330443e+01 2.336022940216207822e+00 4.463535147999537323e+00 1.507368296086913251e+00 1.039388432537017515e+00 3.973378726832286212e-01
7.126427896022379116e+01 1.656598932564084858e+00 3.909066435404183526e+00 1.056303865522449703e+00 7.527553140514120500e-01 2.717881603007332725e-01
8.971641173621409848e+01 1.068361380600401089e+00 2.570205741214898421e+00 6.330915066835021143e-01 4.753627099156578772e-01 1.542347206403835713e-01
