1.129462705897083669e-01 1.551748463038538466e+04 -2.000000000000000000e+02 5.029865988518788981e+03 1.462838260267394389e+03 2.301550270857101168e+02
1.421909302127640218e-01 1.260694007632383546e+04 -2.000000000000000000e+02 4.166513851845232239e+03 1.255027206545694753e+03 2.072039164488742529e+02
1.790077753714996445e-01 1.049896784812074657e+04 -2.000000000000000000e+02 3.351425276181187201e+03 1.081413911138985668e+03 1.908778677152507726e+02
2.253574373239229933e-01 8.253966427477707839e+03 1.731001881092626263e+03 2.794483941336643511e+03 9.185636117783024019e+02 1.622667606243783212e+02
2.837082045838980049e-01 6.265249806901000738e+03 -2.000000000000000000e+02 2.131187135919276898e+03 7.786342916731822470e+02 1.451317189035555657e+02
3.571674682851676552e-01 4.830254095753948604e+03 5.687456952152656413e+02 1.696431355984783067e+03 6.575602926075648611e+02 1.236549565517068316e+02
4.496472020903848343e-01 3.552267118465777457e+03 7.700914848672089192e+02 1.281154069278601128e+03 5.477075809365990153e+02 1.051784159295145287e+02
5.660722890537328578e-01 2.610905873584257279e+03 8.201439119911024136e+02 9.616307485635690000e+02 4.530598515261966099e+02 8.550776694046781756e+01
7.126427896022373698e-01 1.844711049778823963e+03 1.862003762185254345e+02 7.083132886197888638e+02 3.573021904479733166e+02 6.942497260224104139e+01
8.971641173621407450e-01 1.306747879068718476e+03 6.934785339923381571e+02 5.082022775275731874e+02 2.785774397888326916e+02 5.598585731128761722e+01
1.129462705897083641e+00 8.576516177486552124e+02 1.843728476076326217e+02 3.406023103246185428e+02 2.100935539171178164e+02 4.402814031905335668e+01
1.421909302127640773e+00 5.216793894957014572e+02 4.952322308214991722e+02 2.338421594896303191e+02 1.526687209543681547e+02 3.457422499416991712e+01
1.790077753714996778e+00 2.904786756268217118e+02 6.365180078327043702e+02 1.529718553878308569e+02 1.087724691436690847e+02 2.775129510240923736e+01
2.253574373239230155e+00 1.894916312357990478e+02 6.496408276807532047e+02 1.186957537024725440e+02 7.730589331623673388e+01 2.290018548235870455e+01
2.837082045838980271e+00 1.577298964238434849e+02 6.203757448475121237e+02 9.169752435984094063e+01 5.747938913001828354e+01 1.932261193642973751e+01
3.571674682851676330e+00 1.295399660135935278e+02 4.406214126793888681e+02 7.640212776211758694e+01 4.580295763227633898e+01 1.639254637680645743e+01
4.496472020903849121e+00 1.032375710863851168e+02 3.642698803644249210e+02 6.272977960871868675e+01 3.734701420151882445e+01 1.378929925776553311e+01
5.660722890537329022e+00 8.398964559093512605e+01 2.753870629878548471e+02 5.236183972470292503e+01 3.084242887839890557e+01 1.166104619320099545e+01
7.126427896022375919e+00 6.846268128236719974e+01 2.177400736097042113e+02 4.195673370542026248e+01 2.544044556797030410e+01 9.641961600816175704e+00
8.971641173621408782e+00 5.456581662946152278e+01 1.618588062668974032e+02 3.359885939597064208e+01 2.050541400584494056e+01 7.796992514262457874e+00
1.129462705897083730e+01 4.296990590871636329e+01 1.208232034698373383e+02 2.624864856524928314e+01 1.618597643732364233e+01 6.124433015139366887e+00
1.421909302127640728e+01 3.156402992093020643e+01 8.569194229339247215e+01 1.972684479935969293e+01 1.216575284421019454e+01 4.684030431851106790e+00
1.790077753714997399e+01 2.410533447752209568e+01 7.227641011042483399e+01 1.482089837580687153e+01 9.174655891771676508e+00 3.518945681246935298e+00
2.253574373239231221e+01 1.679085323384775563e+01 4.472230506380492443e+01 1.077325579247607656e+01 6.352024536873639882e+00 2.480591856057980493e+00
2.837082045838980804e+01 1.119558400720081615e+01 2.483168928098175954e+01 7.183630316530774884e+00 4.282314145134115790e+00 1.660507005257152224e+00
3.571674682851676152e+01 7.290952192129340759e+00 1.860565086271425628e+01 4.551447723331875750e+00 2.780159536277775789e+00 1.071044355295605710e+00
4.496472020903848943e+01 3.723031205204699212e+00 9.378078817172182724e+00 2.469242081222991381e+00 1.606188680367476751e+00 6.260818310418607702e-01
5.660722890537330443e+01 1.790456833532180214e+00 2.549573725833082172e+00 1.136916414999711522e+00 9.143859653161863221e-01 3.381345902855223962e-01
7.126427896022379116e+01 4.093606380008079082e-01 -8.107192923590282874e-01 3.422647583180762343e-01 4.251633586610319426e-01 1.506262250498495714e-01
8.971641173621409848e+01 2.724139000851910630e-01 -1.822399894435223988e+00 2.170982029173578187e-01 3.013132349909763974e-01 1.104439601613422806e-01
