1.129462705897083669e-01 1.571458207568491525e+04 2.387200707556608904e+03 4.870241364121831793e+03 1.485173680192682241e+03 2.286276667991573674e+02
1.421909302127640218e-01 1.342943487437193835e+04 1.432413288077196512e+03 4.070929273870941415e+03 1.271036576202282276e+03 2.053021483655572297e+02
1.790077753714996445e-01 1.050271016075353691e+04 -2.000000000000000000e+02 3.404647663477192054e+03 1.088269262205555833e+03 1.862915950002977468e+02
2.253574373239229933e-01 8.232461859925357203e+03 2.399501741161372593e+03 2.702214988217780046e+03 9.194184694431394291e+02 1.653604937408704814e+02
2.837082045838980049e-01 6.273601161832147227e+03 2.100436788937046231e+02 2.125960738950710947e+03 7.850925094122782184e+02 1.432234839416838668e+02
3.571674682851676552e-01 4.759073807360879073e+03 3.174401415113214853e+02 1.654982166592400517e+03 6.622091430911468706e+02 1.233429850889215800e+02
4.496472020903848343e-01 3.568457291957816778e+03 7.794479728463172705e+02 1.275188789423235903e+03 5.509430315314577911e+02 1.035883122652424362e+02
5.660722890537328578e-01 2.537743244272541688e+03 1.089949460018102343e+02 9.861910732194353386e+02 4.497183271030410765e+02 8.608056588110125062e+01
7.126427896022373698e-01 1.853323586005883726e+03 7.748131529355156317e+02 7.147188822292450823e+02 3.590522750286835389e+02 6.940966719434288734e+01
8.971641173621407450e-01 1.301413818894945734e+03 8.703057522559322479e+01 4.936264629077664381e+02 2.796619710482098071e+02 5.546154335955066017e+01
1.129462705897083641e+00 8.562277746154439910e+02 2.139521132090568472e+02 3.481631152553461561e+02 2.110770842555019158e+02 4.422629094346310552e+01
1.421909302127640773e+00 5.248286343088435615e+02 4.039929165885612861e+02 2.321452239898039522e+02 1.538578505430336918e+02 3.480720439952503398e+01
1.790077753714996778e+00 2.951551797592662183e+02 7.475845010722186998e+02 1.644656284160255666e+02 1.086742677200345781e+02 2.835708415707123820e+01
2.253574373239230155e+00 1.953662259546148050e+02 8.008081703471277706e+02 1.203674019822209402e+02 7.692297728048305316e+01 2.330341155523972319e+01
2.837082045838980271e+00 1.468465270791694763e+02 3.781615872401235947e+02 9.082986893652784488e+01 5.700935028413181271e+01 1.943630771722142114e+01
3.571674682851676330e+00 1.263548532309131218e+02 4.597361804269357322e+02 7.514812374582935206e+01 4.608197382905842687e+01 1.637238197132121087e+01
4.496472020903849121e+00 1.039493462881688544e+02 3.109453591681616444e+02 6.177237341100546786e+01 3.877468628925978322e+01 1.401967975094212449e+01
5.660722890537329022e+00 8.462462182489599627e+01 2.583425032360192972e+02 5.184007059253798388e+01 3.217168466634710455e+01 1.176793416265358694e+01
7.126427896022375919e+00 6.988866590211115692e+01 2.107212751034959126e+02 4.238625329627875971e+01 2.619752805255801320e+01 9.745630230313402365e+00
8.971641173621408782e+00 5.577229666579565048e+01 1.628886558209290172e+02 3.454901773619162242e+01 2.116536550053016796e+01 7.996903947265349366e+00
1.129462705897083730e+01 4.202809036141126597e+01 1.130512856143493394e+02 2.675941295727941238e+01 1.653349916955473375e+01 6.330652651445904056e+00
1.421909302127640728e+01 3.235199931249952954e+01 9.954783836216488169e+01 2.058511059216558436e+01 1.269589130523637976e+01 4.852034982318707890e+00
1.790077753714997399e+01 2.446700987479428591e+01 6.522066198488671773e+01 1.562026628816114382e+01 9.433823901299655645e+00 3.637129853861893025e+00
2.253574373239231221e+01 1.816879048414313758e+01 4.870732908561380015e+01 1.096578591036936956e+01 6.717643467774328414e+00 2.573281406289556816e+00
2.837082045838980804e+01 1.277310590811321234e+01 3.598013720332766496e+01 7.747496728387778475e+00 4.661762745960194465e+00 1.712431984229431547e+00
3.571674682851676152e+01 8.133605363131211519e+00 2.242164482864140140e+01 4.860541261922275424e+00 3.074688927771544122e+00 1.101982500265968001e+00
4.496472020903848943e+01 4.795312001223465792e+00 1.314420302423902420e+01 2.909579336332682953e+00 1.773254910246985894e+00 6.649162428667629854e-01
5.660722890537330443e+01 2.848853093258646663e+00 8.612787877355225774e+00 1.726395147514121486e+00 9.473496644689962665e-01 3.656071400860687604e-01
7.126427896022379116e+01 1.419919123433528441e+00 5.555600182335135528e+00 8.262903708092035338e-01 4.500460591239259234e-01 1.557548631644332104e-01
8.971641173621409848e+01 1.078204417305911544e+00 2.955219305228565574e+00 5.900782930660870562e-01 3.699609314161496076e-01 1.034696446494518529e-01
