1.129462705897083669e-01 1.743507502393445975e+04 -2.000000000000000000e+02 5.095064065891107930e+03 1.465325010654707967e+03 2.261010229208704061e+02
1.421909302127640218e-01 1.396008130038743002e+04 3.110679082197507796e+03 4.300614452946805613e+03 1.270774976740617603e+03 2.069168571155431380e+02
1.790077753714996445e-01 1.125069312842190629e+04 -2.000000000000000000e+02 3.438969374155323294e+03 1.092227998073735080e+03 1.834518577339163414e+02
2.253574373239229933e-01 8.758271759381763331e+03 4.590025410121488676e+02 2.791404887287360452e+03 9.281246736776444095e+02 1.632728361035542264e+02
2.837082045838980049e-01 6.835507430501460476e+03 2.158024932827251519e+02 2.247267878583777019e+03 7.802516932578329261e+02 1.439818850162737931e+02
3.571674682851676552e-01 5.067853601667541625e+03 6.235363698991147885e+01 1.741414673233930216e+03 6.606743415124319654e+02 1.239198073248004874e+02
4.496472020903848343e-01 3.731252517888302918e+03 4.621358164395010135e+02 1.303843758396548083e+03 5.540367765207030288e+02 1.024708312890615076e+02
5.660722890537328578e-01 2.746018614565470671e+03 2.177794564258920786e+02 9.838347153278853057e+02 4.529418261251615263e+02 8.603205100752980172e+01
7.126427896022373698e-01 1.868324102231532606e+03 1.954015246072896161e+02 7.084916322987033936e+02 3.626961150298200778e+02 6.952149870805249066e+01
8.971641173621407450e-01 1.308016319325421819e+03 2.158024932827251234e+02 4.850280488889891330e+02 2.818793836575605951e+02 5.574275693287916056e+01
1.129462705897083641e+00 8.456366034040235036e+02 2.984719102808315370e+02 3.278414974191933879e+02 2.128258760184010328e+02 4.423880229900188965e+01
1.421909302127640773e+00 5.091399004177972643e+02 4.290290256175250079e+02 2.185674430129604673e+02 1.561966996558386143e+02 3.473677234166851946e+01
1.790077753714996778e+00 2.572314321515887627e+02 3.326688069430127825e+02 1.465858402499077044e+02 1.100822393018274710e+02 2.812473025591309650e+01
2.253574373239230155e+00 1.618981014179846341e+02 3.865122615008118601e+02 1.068404042692040008e+02 7.822217606505397214e+01 2.311476730109163213e+01
2.837082045838980271e+00 1.306942100293538545e+02 3.654913908645061156e+02 7.951110487258169712e+01 5.790385957239512038e+01 1.926805598816084242e+01
3.571674682851676330e+00 1.113174132675131887e+02 3.037189830206299348e+02 6.760966510568607646e+01 4.597248930468906281e+01 1.641077720916295135e+01
4.496472020903849121e+00 9.085379115492723656e+01 2.485970156377615581e+02 5.399325803538768298e+01 3.755260973255390411e+01 1.366680181332610289e+01
5.660722890537329022e+00 7.613051850784815144e+01 1.885348944760797565e+02 4.601382417168990457e+01 3.102062905406659254e+01 1.153578078963954567e+01
7.126427896022375919e+00 6.090191924383705668e+01 1.664054128027545687e+02 3.821685454400407167e+01 2.531587067670453450e+01 9.644465565548316022e+00
8.971641173621408782e+00 4.744000096853688575e+01 1.180889073612852798e+02 2.963961421366216697e+01 2.048146539145071543e+01 7.745229387607800220e+00
1.129462705897083730e+01 3.874891286089384579e+01 9.462313433967044318e+01 2.354735424467980920e+01 1.629122426990063133e+01 6.149140505051416739e+00
1.421909302127640728e+01 2.981273480413955212e+01 6.088151167716297607e+01 1.834550787915472725e+01 1.284969893049406053e+01 4.808883300641700664e+00
1.790077753714997399e+01 2.082717438670516685e+01 3.844762475507761224e+01 1.353173372201933411e+01 9.296427321323619708e+00 3.556673757828499483e+00
2.253574373239231221e+01 1.457698604983229451e+01 3.401180231341362514e+01 9.178250807552441159e+00 6.452140568763622852e+00 2.456707869068871286e+00
2.837082045838980804e+01 1.034011549557799547e+01 2.586391435117691273e+01 6.579624691183168395e+00 4.387145883889008502e+00 1.692934896094370645e+00
3.571674682851676152e+01 6.257103876625595973e+00 1.258515205292512462e+01 3.845569969279028388e+00 2.843570279498998765e+00 1.040973799713551973e+00
4.496472020903848943e+01 4.025274801967835714e+00 9.135597622416025132e+00 2.331538940012967576e+00 1.710720092210324728e+00 5.762332089000259394e-01
5.660722890537330443e+01 2.005223636584431812e+00 3.803263330960535704e+00 1.250290062160326565e+00 9.531760852848025767e-01 3.471262722667556311e-01
7.126427896022379116e+01 1.320569330377674433e+00 4.007416621130528434e+00 8.344370051202132377e-01 6.011945457607434928e-01 2.165502901653473256e-01
8.971641173621409848e+01 1.280784860492607535e+00 2.387705580434163810e+00 7.675497409496832013e-01 5.093725115382246038e-01 1.796777375806226651e-01
