1.129462705897083669e-01 1.597045059512961598e+04 -2.000000000000000000e+02 5.036258414737935709e+03 1.494723742225511842e+03 2.337784456378515188e+02
1.421909302127640218e-01 1.273207802824553437e+04 -2.000000000000000000e+02 4.004342691469842066e+03 1.263138057755153341e+03 2.066144196036410676e+02
1.790077753714996445e-01 1.055594383588559322e+04 8.549277564598901336e+02 3.397096759384293364e+03 1.092082359048607259e+03 1.873233446449169435e+02
2.253574373239229933e-01 8.233140120194135307e+03 1.131228831668760904e+03 2.726434826639099356e+03 9.267386521371449817e+02 1.649237794355081803e+02
2.837082045838980049e-01 6.540862619096064009e+03 2.199743042625959220e+02 2.161757559707680684e+03 7.955768115893985168e+02 1.454085546099000226e+02
3.571674682851676552e-01 4.848662421833416374e+03 5.949576153023319876e+02 1.681247227450331820e+03 6.708934970530860937e+02 1.241862829492629174e+02
4.496472020903848343e-01 3.581185833152488613e+03 3.015843459254667778e+02 1.307642925749620417e+03 5.600725501696489346e+02 1.032043704069123464e+02
5.660722890537328578e-01 2.634664355658175737e+03 5.384494295219232072e+02 9.832280153690011275e+02 4.565974783873289198e+02 8.583766808075365873e+01
7.126427896022373698e-01 1.855977359977126071e+03 4.656144158343807931e+02 7.000991601394623558e+02 3.645542214962944172e+02 6.981597475601417102e+01
8.971641173621407450e-01 1.305657412464341633e+03 9.398201298381715674e+01 5.072793114738860822e+02 2.842465360442051292e+02 5.523788586098307718e+01
1.129462705897083641e+00 8.465595975232935189e+02 1.974788076511657948e+02 3.530879972158650162e+02 2.142148195935534432e+02 4.405348800040466983e+01
1.421909302127640773e+00 5.247202433731595193e+02 5.523765188881990298e+02 2.344073430846599422e+02 1.557359022583377453e+02 3.488481294071488037e+01
1.790077753714996778e+00 2.978122704712855011e+02 6.650407602971113192e+02 1.616950016734564883e+02 1.109217995517345514e+02 2.811913487382788190e+01
2.253574373239230155e+00 2.026008676846565493e+02 8.383584887016312450e+02 1.187185031975231340e+02 7.867907463226030984e+01 2.306583081023840265e+01
2.837082045838980271e+00 1.546593651293933362e+02 6.231496363546893917e+02 9.412253326135045484e+01 5.829907166244355921e+01 1.936622321723849893e+01
3.571674682851676330e+00 1.271586816058103011e+02 4.174170812181439487e+02 7.554005432540776610e+01 4.583212817015481022e+01 1.628090283926490756e+01
4.496472020903849121e+00 1.044340446381395537e+02 3.918695281920495290e+02 6.285525666049051097e+01 3.723568310296063544e+01 1.377825259949180747e+01
5.660722890537329022e+00 8.511647998574679264e+01 2.937061900232293397e+02 5.137619757355947314e+01 3.132742736838461894e+01 1.154877954143177732e+01
7.126427896022375919e+00 6.946859680033959705e+01 2.073560224906402141e+02 4.182686078831986976e+01 2.566432870573818548e+01 9.595310717542401946e+00
8.971641173621408782e+00 5.528682488188758271e+01 1.573981329274696463e+02 3.388679586996842374e+01 2.082221260222929260e+01 7.852846371331333231e+00
1.129462705897083730e+01 4.274558157985578788e+01 1.182480319927000778e+02 2.663221962083461136e+01 1.627991847511164636e+01 6.149350923303654959e+00
1.421909302127640728e+01 3.238238677054282988e+01 8.907977803504340386e+01 2.032929292581107461e+01 1.235069344684549364e+01 4.807555651225042581e+00
1.790077753714997399e+01 2.318810040683403884e+01 6.225504025592835688e+01 1.431656616383115477e+01 9.017318842305085624e+00 3.468975361468354723e+00
2.253574373239231221e+01 1.671303179195382071e+01 4.554515800130243264e+01 1.038157275138017255e+01 6.547546323641389776e+00 2.529908941387599253e+00
2.837082045838980804e+01 1.064951604322227041e+01 2.787805749288513724e+01 7.046892752524622772e+00 4.273666985837743404e+00 1.682832195463910718e+00
3.571674682851676152e+01 7.249132459175576138e+00 1.810987105178305612e+01 4.455254463042072288e+00 2.834657016194885415e+00 1.058776240006712444e+00
4.496472020903848943e+01 4.215256178286615807e+00 1.093293693985594395e+01 2.653602804853339325e+00 1.717743066693664611e+00 6.586930528231274007e-01
5.660722890537330443e+01 1.907991995665211826e+00 3.442817833289571805e+00 1.256518779269267361e+00 9.010737048944830185e-01 3.437787136470760174e-01
7.126427896022379116e+01 1.412281432673846870e+00 3.937600867495475221e+00 8.681542530957533366e-01 6.288956575503295010e-01 2.227538780946503039e-01
8.971641173621409848e+01 9.731096305267092905e-01 4.411361954096562066e-01 6.283512002637765548e-01 4.149428964542802856e-01 1.524341940823954467e-01
