1.129462705897083669e-01 1.564823188351312638e+04 2.423536369899116380e+03 4.938366732251915892e+03 1.465325010654707967e+03 2.261010229208704061e+02
1.421909302127640218e-01 1.301775859947037134e+04 3.110679082197507796e+03 4.106995341469912091e+03 1.270774976740617603e+03 2.069168571155431380e+02
1.790077753714996445e-01 1.055791823122252936e+04 -2.000000000000000000e+02 3.302508022624499063e+03 1.092227998073735080e+03 1.834518577339163414e+02
2.253574373239229933e-01 8.118514830594335763e+03 2.436010164048595470e+03 2.619202303315224526e+03 9.281246736776444095e+02 1.632728361035542264e+02
2.837082045838980049e-01 6.371616207613188635e+03 6.316049865654503037e+02 2.178972030809343323e+03 7.802516932578329261e+02 1.439818850162737931e+02
3.571674682851676552e-01 4.801827328149588539e+03 8.494145479596459154e+02 1.691467398136436032e+03 6.606743415124319654e+02 1.239198073248004874e+02
4.496472020903848343e-01 3.581490517206846562e+03 4.621358164395010135e+02 1.290043247259365671e+03 5.540367765207030288e+02 1.024708312890615076e+02
5.660722890537328578e-01 2.682580606737632934e+03 6.355589128517841573e+02 9.904628381165256314e+02 4.529418261251615263e+02 8.603205100752980172e+01
7.126427896022373698e-01 1.833656645619230403e+03 2.613017787085045711e+02 7.188237873370314901e+02 3.626961150298200778e+02 6.952149870805249066e+01
8.971641173621407450e-01 1.301993130326644859e+03 3.821234905958152694e+02 5.083624635452528651e+02 2.818793836575605951e+02 5.574275693287916056e+01
1.129462705897083641e+00 8.490369392309441992e+02 2.197658191838581558e+02 3.472980830127261243e+02 2.128258760184010328e+02 4.423880229900188965e+01
1.421909302127640773e+00 5.291642578122878149e+02 5.945629797273998065e+02 2.351280563775790711e+02 1.561966996558386143e+02 3.473677234166851946e+01
1.790077753714996778e+00 2.969399090178823144e+02 8.131151818327888350e+02 1.624153570274833953e+02 1.100822393018274710e+02 2.812473025591309650e+01
2.253574373239230155e+00 1.966995385389329272e+02 7.094235065967643550e+02 1.214120229224651553e+02 7.822217606505397214e+01 2.311476730109163213e+01
2.837082045838980271e+00 1.558965008400268744e+02 5.526025128417335281e+02 9.081096332253299863e+01 5.790385957239512038e+01 1.926805598816084242e+01
3.571674682851676330e+00 1.255188158387723263e+02 4.585076288446776402e+02 7.747180354160289539e+01 4.597248930468906281e+01 1.641077720916295135e+01
4.496472020903849121e+00 1.003443269284488366e+02 3.396406903981919641e+02 5.972150004620920782e+01 3.755260973255390411e+01 1.366680181332610289e+01
5.660722890537329022e+00 8.180012456308909918e+01 2.532907102220930824e+02 5.055603772978739840e+01 3.102062905406659254e+01 1.153578078963954567e+01
7.126427896022375919e+00 6.747198843659353429e+01 2.066045678044954741e+02 4.121727956664241788e+01 2.531587067670453450e+01 9.644465565548316022e+00
8.971641173621408782e+00 5.237795924770983902e+01 1.384632295321382855e+02 3.273517525331689626e+01 2.048146539145071543e+01 7.745229387607800220e+00
1.129462705897083730e+01 4.200056733695166145e+01 1.095772916480953683e+02 2.543196613446952625e+01 1.629122426990063133e+01 6.149140505051416739e+00
1.421909302127640728e+01 3.273267313765079223e+01 8.521500293131472858e+01 1.996346332665573442e+01 1.284969893049406053e+01 4.808883300641700664e+00
1.790077753714997399e+01 2.289275839053871664e+01 5.254768140945147792e+01 1.471166954158919005e+01 9.296427321323619708e+00 3.556673757828499483e+00
2.253574373239231221e+01 1.602899981228956250e+01 3.908612187920711989e+01 1.011888692219259411e+01 6.452140568763622852e+00 2.456707869068871286e+00
2.837082045838980804e+01 1.111288007712287040e+01 2.544811185789417607e+01 7.104157497802253474e+00 4.387145883889008502e+00 1.692934896094370645e+00
3.571674682851676152e+01 7.020712626149687274e+00 1.418550923856358636e+01 4.290623042092177819e+00 2.843570279498998765e+00 1.040973799713551973e+00
4.496472020903848943e+01 4.091531866876063184e+00 9.748073252622566187e+00 2.401097635699929178e+00 1.710720092210324728e+00 5.762332089000259394e-01
5.660722890537330443e+01 2.050877767740863611e+00 3.980819599941540332e+00 1.187790763159210394e+00 9.531760852848025767e-01 3.471262722667556311e-01
7.126427896022379116e+01 1.056778456416146872e+00 1.160525643958051356e+00 7.051128645571429487e-01 6.011945457607434928e-01 2.165502901653473256e-01
8.971641173621409848e+01 1.136841210420076020e+00 1.822214189569657750e+00 6.718682930032788825e-01 5.093725115382246038e-01 1.796777375806226651e-01
