1.129462705897083669e-01 1.717101764841112163e+04 -2.000000000000000000e+02 5.435860981539482054e+03 1.443545312886551301e+03 2.281158386180252933e+02
1.421909302127640218e-01 1.382960735125584688e+04 1.414670973023183024e+03 4.470794147402635645e+03 1.267141827201861133e+03 2.104640903059889467e+02
1.790077753714996445e-01 1.128045563084711102e+04 -2.000000000000000000e+02 3.508227629703852472e+03 1.075909774360492747e+03 1.883842032136788021e+02
2.253574373239229933e-01 8.840956448504133732e+03 -2.000000000000000000e+02 2.832177939295530450e+03 9.177366867154260035e+02 1.669951113043998419e+02
2.837082045838980049e-01 6.881539875134436443e+03 6.111740216978604394e+02 2.235414467615768444e+03 7.793817606324196277e+02 1.434681294496161854e+02
3.571674682851676552e-01 4.984975597443493825e+03 3.118162066418003064e+02 1.716450667864447496e+03 6.503118848448892777e+02 1.233267365752348184e+02
4.496472020903848343e-01 3.750551365457245993e+03 1.229341946046363887e+02 1.287900191380783781e+03 5.442708703065673035e+02 1.028306806676298635e+02
5.660722890537328578e-01 2.675748004859995035e+03 2.075154037391825455e+02 9.875570103849066754e+02 4.454637279587135481e+02 8.556242703135833949e+01
7.126427896022373698e-01 1.890597171449999678e+03 5.712483697804867688e+01 6.943467143066378640e+02 3.545745904701124118e+02 6.909866130585118071e+01
8.971641173621407450e-01 1.292986404729654396e+03 4.335220650935818298e+01 4.940369135366630644e+02 2.756662846338381314e+02 5.578537675557683428e+01
1.129462705897083641e+00 8.425901801181623796e+02 6.189059306268796945e+02 3.281201537621080888e+02 2.070537821009742459e+02 4.406096231670058216e+01
1.421909302127640773e+00 5.074194849435780839e+02 3.974282600185767365e+02 2.182150961772777009e+02 1.503394011403265438e+02 3.505289643249913922e+01
1.790077753714996778e+00 2.584058670404214126e+02 4.112731056087741877e+02 1.477185409784609647e+02 1.064638323646082938e+02 2.836960099445267502e+01
2.253574373239230155e+00 1.623657672374095569e+02 4.235277296717669060e+02 1.004642135359614485e+02 7.614249293485283943e+01 2.315705104131177450e+01
2.837082045838980271e+00 1.285383820679632265e+02 3.678218151885033080e+02 8.245902247572234955e+01 5.759133533256233761e+01 1.938440424130169859e+01
3.571674682851676330e+00 1.094924243247414068e+02 3.066980445753820277e+02 6.638148415033823824e+01 4.558314187404650397e+01 1.637628973886288364e+01
4.496472020903849121e+00 8.486997283085773347e+01 2.004384013097487127e+02 5.454404080738338223e+01 3.738364592361063643e+01 1.390064752274076199e+01
5.660722890537329022e+00 7.410537753631783175e+01 2.146469233046184115e+02 4.586742903072777722e+01 3.125282961038732310e+01 1.169846409802419807e+01
7.126427896022375919e+00 6.256802595745180895e+01 1.741166378030601436e+02 3.834505960972074945e+01 2.588397078603308188e+01 9.714282714216802006e+00
8.971641173621408782e+00 4.887627469240862865e+01 1.183858035164105331e+02 3.031887337424474893e+01 2.077436196043543504e+01 7.803988088181379013e+00
1.129462705897083730e+01 3.811722323833881632e+01 1.012038376086992884e+02 2.463645551276234258e+01 1.633319932024626553e+01 6.255504900496136500e+00
1.421909302127640728e+01 3.065247631057979305e+01 8.176008479254484484e+01 1.903766458328880873e+01 1.264157069599645489e+01 4.806134194919104985e+00
1.790077753714997399e+01 2.292183237855809708e+01 5.235391376548852804e+01 1.395151348466070296e+01 9.524143851121927185e+00 3.592774645550473434e+00
2.253574373239231221e+01 1.641119859367131184e+01 3.424072648700168031e+01 1.041994799875175026e+01 6.699542425176391092e+00 2.559064723073168679e+00
2.837082045838980804e+01 1.035104944625005530e+01 2.149106662460143014e+01 6.779820938392445484e+00 4.432314008263416483e+00 1.714730235635262057e+00
3.571674682851676152e+01 6.650799730974290114e+00 1.598643920283960362e+01 4.357415410720475890e+00 2.787113141366933888e+00 1.085904433487807186e+00
4.496472020903848943e+01 3.475781225021423726e+00 6.128896416139091308e+00 2.350418421309478312e+00 1.524232352499270693e+00 5.958862648111677984e-01
5.660722890537330443e+01 1.521592232021974578e+00 4.878369229873771751e+00 9.571214308527482562e-01 7.095253675009212113e-01 3.015062488580788624e-01
7.126427896022379116e+01 9.179456535892216440e-01 2.273681129705917403e+00 6.010123646066098946e-01 3.289060291177754447e-01 1.426284963922961335e-01
8.971641173621409848e+01 9.182046459280561734e-01 2.331136232097867911e+00 6.174762788573235905e-01 2.628421777795904024e-01 9.089825195060341478e-02
