1.129462705897083669e-01 1.630988922050718975e+04 -2.000000000000000000e+02 4.747905341261403009e+03 1.466213752695558696e+03 2.238912250594747491e+02
1.421909302127640218e-01 1.302838047793495753e+04 3.078833055644303386e+03 3.955040180252538448e+03 1.272491355739347000e+03 2.068963528774483507e+02
1.790077753714996445e-01 1.041927444033613210e+04 1.868803797783205027e+03 3.462812842200634350e+03 1.100554655256807564e+03 1.883356883401075663e+02
2.253574373239229933e-01 8.340687443115932183e+03 -2.000000000000000000e+02 2.701089213059105077e+03 9.403048927412838793e+02 1.665216640200817153e+02
2.837082045838980049e-01 6.470858523815279113e+03 -2.000000000000000000e+02 2.185523940502907408e+03 8.001869922818013947e+02 1.443372648067440878e+02
3.571674682851676552e-01 4.886902413643823820e+03 5.794900283660679179e+02 1.647586190134842354e+03 6.753527281058745757e+02 1.229676444227580134e+02
4.496472020903848343e-01 3.609957653780943474e+03 7.836499166932900380e+02 1.265230745359895536e+03 5.616113720089109620e+02 1.034160766652439492e+02
5.660722890537328578e-01 2.672193019768760678e+03 1.103205696674806973e+02 9.680389398980915985e+02 4.609902185300194333e+02 8.535963485982978227e+01
7.126427896022373698e-01 1.859225030161578843e+03 1.915980851499492701e+02 7.066413827591181871e+02 3.683639994870584360e+02 6.866153885627819875e+01
8.971641173621407450e-01 1.308299187024584171e+03 2.941633758194810184e+02 5.005706612234525892e+02 2.875874044427608851e+02 5.555953032351721532e+01
1.129462705897083641e+00 8.511959184816093966e+02 5.275240264749965036e+02 3.484930129777836214e+02 2.161981182095667009e+02 4.382576508108512314e+01
1.421909302127640773e+00 5.253854810465313676e+02 5.377374375199668748e+02 2.319232937252143643e+02 1.567582393030600372e+02 3.466331590869300072e+01
1.790077753714996778e+00 2.896797418411028957e+02 6.482095570911145614e+02 1.572794560485540103e+02 1.104766068676919417e+02 2.783939811281496901e+01
2.253574373239230155e+00 1.863461907526532571e+02 6.484625178248886641e+02 1.116610355441350180e+02 7.759075695613060475e+01 2.252579479795787165e+01
2.837082045838980271e+00 1.460376501744063091e+02 4.465304166971551467e+02 8.899698296699067157e+01 5.701992125990526006e+01 1.902377101045077623e+01
3.571674682851676330e+00 1.215251197111783625e+02 4.729597244893727179e+02 7.442518987285075127e+01 4.541330663806172652e+01 1.615090660551421564e+01
4.496472020903849121e+00 1.037423580708367581e+02 3.524833698760637049e+02 6.154409801617173059e+01 3.733913483845366699e+01 1.370930197283765750e+01
5.660722890537329022e+00 8.510494979524366954e+01 2.675496582990048182e+02 5.009303250175457833e+01 3.094977380867583250e+01 1.149510915396215616e+01
7.126427896022375919e+00 7.065884861414382101e+01 2.431584996946918409e+02 4.369230995581468591e+01 2.558034151912140430e+01 9.697999800934159254e+00
8.971641173621408782e+00 5.508467662451111835e+01 1.669163065459654263e+02 3.337406159407738926e+01 2.083651779634680423e+01 7.789511512151477746e+00
1.129462705897083730e+01 4.253358788804964519e+01 1.123156713653379200e+02 2.679534704477097762e+01 1.637186216211165757e+01 6.109564812690321034e+00
1.421909302127640728e+01 3.188531002306390150e+01 9.099643368843128144e+01 1.990719266376652641e+01 1.220904700270888021e+01 4.697090606305756921e+00
1.790077753714997399e+01 2.367259233813577168e+01 6.439312535669327531e+01 1.482216248250378499e+01 9.290978545165803126e+00 3.512467328462694383e+00
2.253574373239231221e+01 1.674942323095140395e+01 3.371879048699408088e+01 1.046231196293464016e+01 6.620224735503843938e+00 2.521833604108397964e+00
2.837082045838980804e+01 1.219414584442899852e+01 3.270976972965795682e+01 7.770742375103566246e+00 4.523755316667524617e+00 1.775613103021671080e+00
3.571674682851676152e+01 8.022813949438734937e+00 2.155704906258194242e+01 5.141844818873763323e+00 3.020844109886691164e+00 1.171530282216170615e+00
4.496472020903848943e+01 4.709271567013371573e+00 1.028795802374686907e+01 2.930870999826489687e+00 1.848681393867286360e+00 6.985296092849258009e-01
5.660722890537330443e+01 2.954211049114761511e+00 7.480332879677355606e+00 1.961343696227830780e+00 1.103814549424429803e+00 4.228841232569986452e-01
7.126427896022379116e+01 1.428482554425786422e+00 2.965287533218199822e+00 8.593720835804510294e-01 5.831787112032187359e-01 2.124074019482478093e-01
8.971641173621409848e+01 3.656354994666823899e-01 -3.827043377201531094e-01 2.819993460624905524e-01 3.028672567587329389e-01 9.518826544514880084e-02
