1.129462705897083669e-01 1.615363010813841902e+04 2.408070755105567969e+03 4.893905116555457425e+03 1.491303374660893951e+03 2.260685258934970534e+02
1.421909302127640218e-01 1.278613805178402799e+04 -2.000000000000000000e+02 4.079905933395126794e+03 1.258320993553368908e+03 2.074909757822050551e+02
1.790077753714996445e-01 1.051850183457289495e+04 8.382916689184005463e+02 3.415269793562584709e+03 1.083957264024073766e+03 1.857546970661070986e+02
2.253574373239229933e-01 7.993984184811517480e+03 4.551177542166622061e+02 2.748235909986983188e+03 9.123241070811872078e+02 1.654441633040475494e+02
2.837082045838980049e-01 6.466177875261791087e+03 6.267027170447462368e+02 2.145124698732689467e+03 7.846962672060531077e+02 1.439522700337346066e+02
3.571674682851676552e-01 4.871619678658043085e+03 5.824212265316700723e+02 1.666354756442742200e+03 6.582247958143797177e+02 1.230895082754084768e+02
4.496472020903848343e-01 3.536031383308804834e+03 1.116465118286289226e+03 1.284412672100766258e+03 5.482426911263464717e+02 1.038502539069068575e+02
5.660722890537328578e-01 2.600837158402097430e+03 4.229750013510404187e+02 9.699738697518478148e+02 4.465145632497151951e+02 8.529947641660116631e+01
7.126427896022373698e-01 1.850750352020994569e+03 2.585824279516637603e+02 7.087532484610475194e+02 3.563382670086466533e+02 6.966006366755772206e+01
8.971641173621407450e-01 1.295807290897609619e+03 3.373567660790852187e+02 5.036921692787631173e+02 2.775000762143588986e+02 5.594903172430414884e+01
1.129462705897083641e+00 8.361952540469637825e+02 1.651299057147790847e+02 3.338347464321141160e+02 2.081590245555819081e+02 4.397062058060233625e+01
1.421909302127640773e+00 5.108820016202703300e+02 4.088651172074080478e+02 2.279700563628640282e+02 1.513894997885876421e+02 3.481484222821551811e+01
1.790077753714996778e+00 2.866729141628678690e+02 8.071429188508507195e+02 1.536614999129164971e+02 1.071508131193839830e+02 2.792100013016213111e+01
2.253574373239230155e+00 1.845010797625222949e+02 6.582042580238247638e+02 1.139961179230449062e+02 7.634272772795958417e+01 2.298632431800981735e+01
2.837082045838980271e+00 1.503141270342650273e+02 5.440324453402711242e+02 8.894660058384368995e+01 5.739309439179680083e+01 1.916494434460708263e+01
3.571674682851676330e+00 1.221931043987953558e+02 4.728822548172364577e+02 7.289335391509600015e+01 4.529433133702696068e+01 1.627534584758403824e+01
4.496472020903849121e+00 9.978432580718852307e+01 3.200037217230839701e+02 5.921566555047893843e+01 3.706271485850979275e+01 1.391016661527639187e+01
5.660722890537329022e+00 8.449550412619382200e+01 2.900736677294855781e+02 5.017148653203125264e+01 3.090870330569047297e+01 1.173822688840333406e+01
7.126427896022375919e+00 6.412615864360914486e+01 1.897950637589134999e+02 4.094347599480133226e+01 2.530163692096035533e+01 9.638886234189159907e+00
8.971641173621408782e+00 5.262780683784141900e+01 1.513486547440177219e+02 3.249130872728674291e+01 2.031256865681554302e+01 7.865076071512072886e+00
1.129462705897083730e+01 4.166144784188914230e+01 1.158373684432837649e+02 2.653133110411020823e+01 1.622104118781302873e+01 6.262187914175495251e+00
1.421909302127640728e+01 3.380543273846841856e+01 1.026224190660604023e+02 2.067618054304156772e+01 1.271167304645628704e+01 4.843121277412837600e+00
1.790077753714997399e+01 2.262090121478241755e+01 5.510826305325066699e+01 1.416262191077241539e+01 9.133557947926199461e+00 3.516372128920212337e+00
2.253574373239231221e+01 1.646545805138294227e+01 4.082128645004451784e+01 1.017529032376199183e+01 6.543763471839765700e+00 2.475366793873634563e+00
2.837082045838980804e+01 1.075784598882112064e+01 2.292038765111644594e+01 6.906080802598243196e+00 4.290731081002348901e+00 1.644347268132670958e+00
3.571674682851676152e+01 6.822166197977749036e+00 1.626122701335343379e+01 4.203882432013863912e+00 2.820084334823519612e+00 1.057156506919851413e+00
4.496472020903848943e+01 4.063401559751655512e+00 9.005293341926691397e+00 2.576943023362499030e+00 1.730777051499898356e+00 6.087590305296264326e-01
5.660722890537330443e+01 2.491448907708031513e+00 7.720631283814949342e+00 1.315158154382220168e+00 9.567989005379518019e-01 2.947985824380907616e-01
7.126427896022379116e+01 1.009753678201483540e+00 5.708516309729263494e-01 5.166781661713506502e-01 5.615838716149410548e-01 1.569991520121374329e-01
8.971641173621409848e+01 8.282964179081711009e-01 7.399537528058188762e-01 4.213622075913625586e-01 4.622185661846764937e-01 1.455351006261516034e-01
