1.129462705897083669e-01 1.746512198708228607e+04 -2.000000000000000000e+02 5.162622056163812886e+03 1.488686553524252304e+03 2.314061626395883877e+02
1.421909302127640218e-01 1.411792169700025988e+04 -2.000000000000000000e+02 4.232743738935290821e+03 1.256763525734035284e+03 2.076550096869653999e+02
1.790077753714996445e-01 1.138001480643139803e+04 -2.000000000000000000e+02 3.609912549310293798e+03 1.085228275325917139e+03 1.881254572212980918e+02
2.253574373239229933e-01 8.826357662640060880e+03 4.547662962003375924e+02 2.834086445247116444e+03 9.169715284922230012e+02 1.637258761773414903e+02
2.837082045838980049e-01 6.915111334200589226e+03 -2.000000000000000000e+02 2.283226156706696202e+03 7.888969835305105107e+02 1.433573951670783515e+02
3.571674682851676552e-01 5.124772484677660941e+03 6.066715755410928068e+01 1.728982011464749121e+03 6.631575947278103058e+02 1.226012404391222077e+02
4.496472020903848343e-01 3.787396630630800701e+03 9.512890026647876311e+02 1.325077373451192216e+03 5.566971635386936441e+02 1.034032615164345401e+02
5.660722890537328578e-01 2.741270884053629743e+03 1.113203936502675333e+02 9.613691263028476897e+02 4.549809100912547706e+02 8.535834112986786693e+01
7.126427896022373698e-01 1.907540245976621009e+03 5.857195554404056566e+02 7.003357272197420116e+02 3.649218866216873494e+02 6.917559648955291607e+01
8.971641173621407450e-01 1.314697739800009913e+03 2.131296035056965934e+02 4.850919265979604802e+02 2.841320850321388320e+02 5.547287430939176289e+01
1.129462705897083641e+00 8.561883461750231845e+02 2.692008835973966256e+02 3.314787988065744457e+02 2.127360548890641780e+02 4.387256080050292439e+01
1.421909302127640773e+00 5.138428856602164387e+02 3.920914870847469729e+02 2.203201937169200733e+02 1.546189010164325452e+02 3.453685602024169299e+01
1.790077753714996778e+00 2.578864758734824250e+02 3.603767085704823216e+02 1.449130283080127981e+02 1.090157364092816721e+02 2.779990700572779261e+01
2.253574373239230155e+00 1.612711659578563967e+02 3.892896665803026508e+02 1.007848790373062258e+02 7.735216492651173326e+01 2.267995086630866552e+01
2.837082045838980271e+00 1.268109569924975517e+02 3.701188528378611977e+02 7.817290226468549008e+01 5.723281224015615720e+01 1.913782732146469812e+01
3.571674682851676330e+00 1.041190211565582899e+02 2.509541825686094967e+02 6.511788191983644936e+01 4.534696291565273896e+01 1.613761532131846366e+01
4.496472020903849121e+00 8.950946616597579464e+01 2.621602996411490381e+02 5.503161812498623107e+01 3.740441544603380208e+01 1.371546862244473530e+01
5.660722890537329022e+00 7.577620192786552877e+01 1.943391652903395084e+02 4.633720867958116685e+01 3.132590725743790472e+01 1.155953367174012847e+01
7.126427896022375919e+00 6.533754872984538054e+01 1.935145440164020556e+02 3.858774165459265504e+01 2.598489595399829000e+01 9.551537250953529679e+00
8.971641173621408782e+00 4.911836185432942870e+01 1.317430716150746264e+02 3.044235588811127968e+01 2.043957502078181676e+01 7.766818709878856808e+00
1.129462705897083730e+01 3.669868847796495004e+01 8.803720909729074151e+01 2.356081500280467012e+01 1.611227741888252751e+01 6.139367836494526998e+00
1.421909302127640728e+01 2.961052245552271245e+01 7.153973477136592862e+01 1.835030438462317903e+01 1.252256775960597146e+01 4.750311919311255515e+00
1.790077753714997399e+01 2.299327827421223702e+01 6.752799161012953277e+01 1.419571896445222592e+01 9.453102664962766966e+00 3.561158149308952581e+00
2.253574373239231221e+01 1.613030404895008729e+01 3.682896933566160413e+01 1.005498674563737715e+01 6.723206864301241481e+00 2.514301506773529926e+00
2.837082045838980804e+01 1.169634958960080695e+01 3.201358532879988417e+01 6.919989672118170176e+00 4.663044305216384799e+00 1.698348514902531248e+00
3.571674682851676152e+01 7.563191041225358902e+00 1.632767405415517459e+01 4.668277974830116861e+00 3.004706873391446376e+00 1.102139704635884954e+00
4.496472020903848943e+01 4.121018260774085284e+00 1.071878145916047309e+01 2.612955412181529269e+00 1.679274532143773202e+00 6.191992247010866812e-01
5.660722890537330443e+01 2.614382217360821770e+00 7.059193816792678433e+00 1.590971122845471486e+00 8.936002263017390757e-01 3.386987859219086072e-01
7.126427896022379116e+01 1.653901358262641841e+00 5.347805814349493758e+00 1.027713156255746219e+00 5.812851504473928177e-01 2.265545782055644608e-01
8.971641173621409848e+01 1.230147120743174227e+00 3.197795484277448086e+00 7.895876296636294978e-01 3.732215257283184595e-01 1.473014669455807724e-01
