1.129462705897083669e-01 1.602820252415242248e+04 -2.000000000000000000e+02 5.118130199321370128e+03 1.476699397699333531e+03 2.254023368323408079e+02
1.421909302127640218e-01 1.293682636404611912e+04 1.429363474099384121e+03 4.230421956211329416e+03 1.272937549779969231e+03 2.039334904727118953e+02
1.790077753714996445e-01 1.034576556773139782e+04 -2.000000000000000000e+02 3.353571237446282794e+03 1.094411971940019612e+03 1.890472398191552656e+02
2.253574373239229933e-01 8.050605455656435879e+03 1.097322564953843539e+03 2.711705931691470141e+03 9.363530809430185400e+02 1.645727754143759967e+02
2.837082045838980049e-01 6.403832099210835622e+03 2.664943201811286144e+03 2.135079922167791210e+03 7.919148562049616658e+02 1.448664716686395764e+02
3.571674682851676552e-01 4.859419655025852080e+03 1.091183539072450003e+03 1.675272463707112820e+03 6.739084671838866143e+02 1.244706319387807838e+02
4.496472020903848343e-01 3.633902102309352813e+03 9.405544318695676793e+02 1.317746488412428789e+03 5.642514348355720131e+02 1.047883227997559459e+02
5.660722890537328578e-01 2.614659305929807942e+03 8.280588508107683765e+02 9.567158044677306634e+02 4.631337309385956473e+02 8.530497476893928877e+01
7.126427896022373698e-01 1.866219821312955446e+03 3.837951542292300928e+02 7.264740751635233664e+02 3.703747060569731957e+02 7.069817846726714095e+01
8.971641173621407450e-01 1.321939294288471729e+03 4.548441604140081154e+02 5.153588435992618315e+02 2.885114213315873712e+02 5.601560105462043282e+01
1.129462705897083641e+00 8.639516166282663789e+02 1.098840493773877967e+02 3.491406670492935405e+02 2.205963886229795889e+02 4.442509150842024468e+01
1.421909302127640773e+00 5.361375535067007831e+02 5.658008328267097795e+02 2.378311365859193813e+02 1.616819296639375807e+02 3.487866166928635181e+01
1.790077753714996778e+00 3.203700036439577161e+02 1.023390032464816386e+03 1.625519450454095534e+02 1.154279082639321530e+02 2.836694884803075212e+01
2.253574373239230155e+00 2.074016526142474675e+02 7.600186980658419316e+02 1.208652750654132433e+02 8.221311947724221625e+01 2.323400663222394513e+01
2.837082045838980271e+00 1.638705203285437619e+02 5.776274404916349567e+02 9.470053508809736798e+01 6.135590948891059071e+01 1.944311916320545564e+01
3.571674682851676330e+00 1.350370557765262731e+02 5.178980477242819234e+02 7.931195509091089946e+01 4.813298080525352418e+01 1.654120402852636218e+01
4.496472020903849121e+00 1.082922561542730193e+02 3.262844021340999916e+02 6.503446253086426054e+01 3.862900419464687474e+01 1.388939582208609913e+01
5.660722890537329022e+00 8.554587132522127035e+01 2.821596010302511104e+02 5.222103661079254522e+01 3.176415665176871883e+01 1.169969961013780413e+01
7.126427896022375919e+00 6.810401349196314413e+01 2.196838497625682862e+02 4.170088023582366787e+01 2.570138246985830222e+01 9.680237364888018448e+00
8.971641173621408782e+00 5.619538353679638476e+01 1.601642882277049864e+02 3.469118835232549714e+01 2.092888916463044069e+01 7.952428681531200638e+00
1.129462705897083730e+01 4.557049951552288292e+01 1.315759328338049556e+02 2.743589455343816752e+01 1.679483471222054547e+01 6.290210913305308793e+00
1.421909302127640728e+01 3.401519738420598316e+01 9.295955264306859078e+01 2.128138909494582975e+01 1.286864325576215151e+01 4.835176910362898539e+00
1.790077753714997399e+01 2.620022664718434413e+01 6.441673642852926207e+01 1.611799065705607603e+01 9.687561738243672949e+00 3.622519114537123386e+00
2.253574373239231221e+01 1.877565010747466800e+01 4.752914539319284870e+01 1.149878537794851496e+01 6.919533744459373636e+00 2.548211556296492653e+00
2.837082045838980804e+01 1.313129803084397729e+01 3.955017943145000459e+01 7.878372637557387037e+00 4.728529595062590296e+00 1.746018850970278535e+00
3.571674682851676152e+01 7.864244520357491552e+00 2.179950834186530884e+01 4.874358751263532241e+00 2.999976563540913244e+00 1.124961473292014347e+00
4.496472020903848943e+01 4.285362791374335067e+00 1.062781629682686990e+01 2.881793578433589076e+00 1.751028698860382482e+00 7.169922916534574586e-01
5.660722890537330443e+01 2.409358321653441326e+00 5.251949564369656542e+00 1.610226625502035436e+00 1.041703518374832438e+00 3.891648630218933480e-01
7.126427896022379116e+01 1.855651674823896702e+00 6.786730240817504978e+00 1.102530806538447372e+00 6.897017018428275303e-01 2.348715980790876401e-01
8.971641173621409848e+01 1.668999637710819828e+00 4.700191769416919740e+00 8.902366000068173690e-01 5.359835092900202547e-01 1.738169840404399924e-01
