1.129462705897083669e-01 1.654418304561212062e+04 -2.000000000000000000e+02 5.055566031813820700e+03 1.452405129612557857e+03 2.282458267275191588e+02
1.421909302127640218e-01 1.347070125659895712e+04 -2.000000000000000000e+02 4.267127146402422113e+03 1.252742455444898951e+03 2.050355932703213853e+02
1.790077753714996445e-01 1.139679685509574119e+04 8.327415429811865124e+02 3.485718558619642408e+03 1.077063106746120866e+03 1.874462489912978356e+02
2.253574373239229933e-01 8.973433895618747556e+03 -2.000000000000000000e+02 2.830039943136616785e+03 9.125457366182229180e+02 1.649094943881366362e+02
2.837082045838980049e-01 6.729883347534386303e+03 2.111418135892932924e+02 2.177434807200169416e+03 7.737307203433447285e+02 1.429105952131178583e+02
3.571674682851676552e-01 5.052127463237350639e+03 8.376517876282837278e+02 1.706481735938388510e+03 6.503677174409821191e+02 1.230984449579362519e+02
4.496472020903848343e-01 3.764754510180795478e+03 2.910355123128008472e+02 1.314030438615622643e+03 5.472017622084025561e+02 1.032325637342931657e+02
5.660722890537328578e-01 2.746341737997001928e+03 1.098224628943559651e+02 9.596056320650118323e+02 4.479627634292272660e+02 8.555434121909638634e+01
7.126427896022373698e-01 1.867647007753628714e+03 4.516158614937875200e+02 7.163506157419100191e+02 3.561722980473286952e+02 6.936089396117390038e+01
8.971641173621407450e-01 1.279237275321823063e+03 4.989410831017985970e+02 4.794802315233206969e+02 2.763263620619209746e+02 5.503843539162146214e+01
1.129462705897083641e+00 8.501601331697301021e+02 5.004149566490910956e+02 3.292247870084046326e+02 2.076961871845089718e+02 4.386492399907015738e+01
1.421909302127640773e+00 5.185698973424175620e+02 3.728747643649338102e+02 2.126920902011116254e+02 1.508315869028837710e+02 3.460262336393158478e+01
1.790077753714996778e+00 2.517231004544692325e+02 3.989900949290889116e+02 1.448188730052229403e+02 1.075711842800178317e+02 2.805289589977833131e+01
2.253574373239230155e+00 1.623381410105965870e+02 4.190350684190968877e+02 1.018950453570777483e+02 7.682117968011965559e+01 2.275755948795786310e+01
2.837082045838980271e+00 1.263385212270857636e+02 3.838213752967976120e+02 7.830032682510027087e+01 5.717005278266570656e+01 1.921763326136804295e+01
3.571674682851676330e+00 1.007252621397155394e+02 2.773198223090104193e+02 6.373592480217054401e+01 4.522533594645720001e+01 1.617410135880203015e+01
4.496472020903849121e+00 8.815628166159881118e+01 2.173801854658798618e+02 5.396877471128598813e+01 3.730153449825371581e+01 1.372257334094467218e+01
5.660722890537329022e+00 7.438269616707050602e+01 2.223912910793058586e+02 4.475523265621842484e+01 3.132603759035283275e+01 1.151585411390130353e+01
7.126427896022375919e+00 5.865417544850908627e+01 1.499177176221633374e+02 3.662279901473576871e+01 2.514730983989521462e+01 9.503178284158332545e+00
8.971641173621408782e+00 4.568439414631470186e+01 1.153457710229883304e+02 2.878115344422691635e+01 1.992834816211337312e+01 7.587962241853373868e+00
1.129462705897083730e+01 3.685257244817103839e+01 9.417428179261830223e+01 2.286781231660935276e+01 1.574916321555391541e+01 6.073844080201417306e+00
1.421909302127640728e+01 2.712827882905552457e+01 5.762996546011578403e+01 1.715256024825573888e+01 1.205646383629884077e+01 4.669660036582186535e+00
1.790077753714997399e+01 2.142407856339179872e+01 5.095619494442799180e+01 1.332013710667791706e+01 9.074631959334897857e+00 3.478916059063144051e+00
2.253574373239231221e+01 1.508911295075989401e+01 3.321331682862585666e+01 9.726465178259726230e+00 6.462181922272261403e+00 2.470531917554640522e+00
2.837082045838980804e+01 1.106641474927296898e+01 2.982827379641558352e+01 6.949860562953290355e+00 4.430279289446609425e+00 1.698434140830307415e+00
3.571674682851676152e+01 7.203559960678059149e+00 1.653198678333198401e+01 4.395812417836790331e+00 2.869064250436013985e+00 1.080431527865275187e+00
4.496472020903848943e+01 4.768101460806516201e+00 1.508992224341684363e+01 2.705838285568651802e+00 1.810805099224657599e+00 6.442158304737282126e-01
5.660722890537330443e+01 2.648016681867179312e+00 6.672237581394764305e+00 1.645610648973346635e+00 1.144883376606923520e+00 4.228938585749597578e-01
7.126427896022379116e+01 1.573153751848499260e+00 4.099120137083579252e+00 8.600758008407274335e-01 5.786831107890839654e-01 2.036426682828849088e-01
8.971641173621409848e+01 9.602454970856062477e-01 3.696100124679998267e+00 5.764162509117365385e-01 3.005181362887419105e-01 1.019455546393470691e-01
