1.129462705897083669e-01 4.184386204895173432e+04 -1.000000000000000000e+00 1.256464357903628115e+04 3.137518930421661025e+03 3.537171925676459523e+02
1.421909302127640218e-01 2.944174030228912670e+04 -1.000000000000000000e+00 8.672705743951903059e+03 2.156006794899810757e+03 2.807627434755978584e+02
1.790077753714996445e-01 1.958626547880853468e+04 -1.000000000000000000e+00 5.594342339842276488e+03 1.517734223841993753e+03 2.203941347150710328e+02
2.253574373239229933e-01 1.262228458228155068e+04 -1.000000000000000000e+00 3.748871354985559265e+03 1.066748475661542216e+03 1.717195149873373623e+02
2.837082045838980049e-01 8.294771695677036405e+03 -1.000000000000000000e+00 2.532479421969211216e+03 7.444763657853271752e+02 1.264636074117975539e+02
3.571674682851676552e-01 5.132586202090653387e+03 -1.000000000000000000e+00 1.641724595037754852e+03 5.219536943958934216e+02 9.297216080042699105e+01
4.496472020903848343e-01 3.113159556384298412e+03 -1.000000000000000000e+00 1.042285064537348035e+03 3.712272548544798951e+02 6.494510558242521370e+01
5.660722890537328578e-01 1.891699634647916128e+03 -1.000000000000000000e+00 6.330359346149440398e+02 2.581000581371444014e+02 4.501086761437727546e+01
7.126427896022373698e-01 1.099103258600895288e+03 -1.000000000000000000e+00 3.830534808414447525e+02 1.767251774804290960e+02 3.005656651711949934e+01
8.971641173621407450e-01 6.344887438665034551e+02 -1.000000000000000000e+00 2.261273086703975252e+02 1.160483388082557354e+02 1.940954612127976375e+01
1.129462705897083641e+00 3.576827346521908453e+02 -1.000000000000000000e+00 1.214150709125884902e+02 7.379028276265941599e+01 1.206860353316049483e+01
1.421909302127640773e+00 1.982496557262548720e+02 -1.000000000000000000e+00 6.495451496391137880e+01 4.421702102677908641e+01 7.382351885041224193e+00
1.790077753714996778e+00 7.738565994490318189e+01 3.618720711599775086e+01 3.172557917225704927e+01 2.480162529385159331e+01 4.469174487089855319e+00
2.253574373239230155e+00 2.601845130732444389e+01 4.057652695099592677e+01 1.494144735187529172e+01 1.277184139155379228e+01 2.742731000733846791e+00
2.837082045838980271e+00 1.276377369544289664e+01 3.061570617798534855e+01 8.165393371156760338e+00 6.465019744573958782e+00 1.782789742671110123e+00
3.571674682851676330e+00 8.623976717758891297e+00 2.744967448097391127e+01 5.226368730339638446e+00 3.680165349622504856e+00 1.212016884817107787e+00
4.496472020903849121e+00 6.017596686824761676e+00 1.759034438004706047e+01 3.584343937599356877e+00 2.397906122382950755e+00 8.494912621598791347e-01
5.660722890537329022e+00 4.164012333251196907e+00 1.401613964227516895e+01 2.479825129514578119e+00 1.656110824936933401e+00 5.961267309281528259e-01
7.126427896022375919e+00 2.808888567926091095e+00 8.838070811414310057e+00 1.687123747687249153e+00 1.141602637049974334e+00 4.161381491138160804e-01
8.971641173621408782e+00 1.879234957457744937e+00 5.475824496993362267e+00 1.140956941463335816e+00 7.732071428855995521e-01 2.894868555376155506e-01
1.129462705897083730e+01 1.265712784743830088e+00 3.543840791145346003e+00 7.795521553192883424e-01 5.189085009825364914e-01 1.962182743301028598e-01
1.421909302127640728e+01 8.293054956862682126e-01 2.407411159663316980e+00 5.198450794179445555e-01 3.411951351559809886e-01 1.300335850887859301e-01
1.790077753714997399e+01 5.454249988296842044e-01 1.534451192674916697e+00 3.328033718346081749e-01 2.181966715614500618e-01 8.341360547775655832e-02
2.253574373239231221e+01 3.470449682132215052e-01 1.027214107196834370e+00 2.158247801817139155e-01 1.357594201553382618e-01 5.240609712229460371e-02
2.837082045838980804e+01 2.007522790871181240e-01 5.110870475523474621e-01 1.272740112826205028e-01 7.924354563078606084e-02 3.082674683090114165e-02
3.571674682851676152e+01 1.166734096219161909e-01 3.627033953924712062e-01 7.324869212429363508e-02 4.345690457190065636e-02 1.695738222523135441e-02
4.496472020903848943e+01 6.261700607222708825e-02 1.654160549705223637e-01 4.016561956346720308e-02 2.248552041976492610e-02 8.865371321177928365e-03
5.660722890537330443e+01 2.905734251074743035e-02 7.645820327153063367e-02 1.873060268277848550e-02 1.047317625191013235e-02 4.237547562399690548e-03
7.126427896022379116e+01 1.162203355709756636e-02 2.855443547721736586e-02 7.996850346870143511e-03 4.502900816081734092e-03 1.842811057170656852e-03
8.971641173621409848e+01 6.840632192811169077e-03 2.404371379121839070e-02 4.586650405941972153e-03 2.013218927951365700e-03 8.098172738346676169e-04
