1.129462705897083669e-01 4.636401999637961853e+04 -1.000000000000000000e+00 1.404015858763298093e+04 3.156139593008392239e+03 3.623111887534156494e+02
1.421909302127640218e-01 3.156921511786253905e+04 -1.000000000000000000e+00 9.027381290499220995e+03 2.177976351751441598e+03 2.881567721578874171e+02
1.790077753714996445e-01 2.132861433578261494e+04 -1.000000000000000000e+00 6.209942579565769847e+03 1.507075206790047105e+03 2.276078381375739639e+02
2.253574373239229933e-01 1.415301271252234619e+04 -1.000000000000000000e+00 4.207841065697051818e+03 1.053073497422963783e+03 1.723686669985650042e+02
2.837082045838980049e-01 9.032019275885215393e+03 -1.000000000000000000e+00 2.825130661935393164e+03 7.423940126852575077e+02 1.256683154767267894e+02
3.571674682851676552e-01 5.650868830702877858e+03 -1.000000000000000000e+00 1.751497352086549881e+03 5.216660193171201172e+02 9.192812633450428450e+01
4.496472020903848343e-01 3.445399610357254005e+03 -1.000000000000000000e+00 1.107822547768494587e+03 3.705212086969906977e+02 6.501434345985042285e+01
5.660722890537328578e-01 2.081329055698914090e+03 -1.000000000000000000e+00 6.915520132260119226e+02 2.589691630030430929e+02 4.472700090971765974e+01
7.126427896022373698e-01 1.208807572972820481e+03 -1.000000000000000000e+00 4.206110072348203630e+02 1.769606099914680897e+02 2.982705219530801699e+01
8.971641173621407450e-01 6.880387811856586495e+02 -1.000000000000000000e+00 2.418130920149363305e+02 1.166498307935161591e+02 1.936867844508648417e+01
1.129462705897083641e+00 3.863411045530874617e+02 -1.000000000000000000e+00 1.335599079358247252e+02 7.412017527646270310e+01 1.204790632567976516e+01
1.421909302127640773e+00 2.166613762563781052e+02 2.779098945923844610e+01 6.861773311981274048e+01 4.431164504610197241e+01 7.342330807464755082e+00
1.790077753714996778e+00 7.569397005741080875e+01 3.651715853721602656e+01 3.350603713867809574e+01 2.463667909168888315e+01 4.424075348735204471e+00
2.253574373239230155e+00 2.494226750746084065e+01 4.094542354798988271e+01 1.547966212210076975e+01 1.273190878391319103e+01 2.743479328746789569e+00
2.837082045838980271e+00 1.266495800905229352e+01 3.452079409571469881e+01 8.167052067052694042e+00 6.517298577462311115e+00 1.775595965622061012e+00
3.571674682851676330e+00 8.372883029757181461e+00 2.334228758057216879e+01 5.037135676403745599e+00 3.732292790648308767e+00 1.204407436215154892e+00
4.496472020903849121e+00 5.682183333905752143e+00 1.447766747278581079e+01 3.532579254305812988e+00 2.396853135596799689e+00 8.458557060714695375e-01
5.660722890537329022e+00 4.147928497345878540e+00 1.287171553224269616e+01 2.481671669057437413e+00 1.642293988356274159e+00 5.968196159908289999e-01
7.126427896022375919e+00 2.808178721320717663e+00 8.376493291580130673e+00 1.689768598160600543e+00 1.135009557576240002e+00 4.155519609825806260e-01
8.971641173621408782e+00 1.901578634248679567e+00 5.372816039185472903e+00 1.158074685695039907e+00 7.705030921035742608e-01 2.878238554832890372e-01
1.129462705897083730e+01 1.233511900772565006e+00 3.423309373458724991e+00 7.693867749122607069e-01 5.134697511066566022e-01 1.947528547471595317e-01
1.421909302127640728e+01 8.075855277636720952e-01 2.143976048948836421e+00 5.078043693283456061e-01 3.383026075889197237e-01 1.291925502195185871e-01
1.790077753714997399e+01 5.272253849559045413e-01 1.386668470021351407e+00 3.268756546706070854e-01 2.190077902304201629e-01 8.277199063207407725e-02
2.253574373239231221e+01 3.311515465330434616e-01 8.152243638871474740e-01 2.029990845617504203e-01 1.361720935170251945e-01 5.139310893277393433e-02
2.837082045838980804e+01 1.926688178248148198e-01 5.099962061504863531e-01 1.194545171166190300e-01 7.952105156736188896e-02 3.005330960858021427e-02
3.571674682851676152e+01 1.047913307093655266e-01 2.392767602586811648e-01 6.641776953269751260e-02 4.433661592275850438e-02 1.646988154171724617e-02
4.496472020903848943e+01 5.779509591469045304e-02 1.624638723089948389e-01 3.501492734252287242e-02 2.291342858219724832e-02 8.279001980023181773e-03
5.660722890537330443e+01 2.603462625929253704e-02 5.926975120224042826e-02 1.540645531473616714e-02 9.976095598108525309e-03 3.642343080733079219e-03
7.126427896022379116e+01 1.169138658156176902e-02 3.104835014048323849e-02 7.360649566447108327e-03 4.422835261086444092e-03 1.771488555057043612e-03
8.971641173621409848e+01 7.445540951680484909e-03 1.946717588006019461e-02 4.827709644534383671e-03 2.314091278048824307e-03 9.987715468058322443e-04
