1.129462705897083669e-01 4.551890054303639772e+04 -1.000000000000000000e+00 1.421722626583086458e+04 3.132966649748706004e+03 3.503512107282194279e+02
1.421909302127640218e-01 3.206703754501096046e+04 -1.000000000000000000e+00 9.042429488376117661e+03 2.192816753684892319e+03 2.857160248258695106e+02
1.790077753714996445e-01 2.084809395601394863e+04 -1.000000000000000000e+00 6.148647281920110800e+03 1.523493236104251991e+03 2.222650203907326443e+02
2.253574373239229933e-01 1.434203877829309749e+04 -1.000000000000000000e+00 4.062372575550664351e+03 1.064048521017655503e+03 1.702138429612954269e+02
2.837082045838980049e-01 8.929558007595303934e+03 -1.000000000000000000e+00 2.671413328536203153e+03 7.412488090901584883e+02 1.270645950672771676e+02
3.571674682851676552e-01 5.661082399487338080e+03 -1.000000000000000000e+00 1.756399451474352418e+03 5.261100867516822746e+02 9.211383311586146760e+01
4.496472020903848343e-01 3.449273507222876560e+03 -1.000000000000000000e+00 1.124134760014666426e+03 3.711377979185987215e+02 6.562159369628474792e+01
5.660722890537328578e-01 2.014626411802836401e+03 -1.000000000000000000e+00 7.049845536230264997e+02 2.583174421571181369e+02 4.477364834415070050e+01
7.126427896022373698e-01 1.207119920604322260e+03 -1.000000000000000000e+00 4.182998757249961272e+02 1.773479168557742867e+02 3.013297625407040314e+01
8.971641173621407450e-01 6.790479433153116133e+02 -1.000000000000000000e+00 2.407354174443371448e+02 1.164662996396247507e+02 1.935453194178881020e+01
1.129462705897083641e+00 3.801672797871142393e+02 -1.000000000000000000e+00 1.323315595611045126e+02 7.434992975619886124e+01 1.206717120046286595e+01
1.421909302127640773e+00 2.148352622567483934e+02 4.704508694105114408e+00 6.970187516149732687e+01 4.519862866825218362e+01 7.335905899046649026e+00
1.790077753714996778e+00 7.567345745718684213e+01 5.046248476882288969e+01 3.296469915705386455e+01 2.548107869221140831e+01 4.415746309621441767e+00
2.253574373239230155e+00 2.505358731046792542e+01 2.909106377301722901e+01 1.497493092616973698e+01 1.345890989305865837e+01 2.731424936538298098e+00
2.837082045838980271e+00 1.225985732156538610e+01 2.485358344451493195e+01 8.001718505355862376e+00 7.019977129972824414e+00 1.766056981105387891e+00
3.571674682851676330e+00 8.290677821409934367e+00 2.275539093749848618e+01 5.138032453556839130e+00 3.983429460754165596e+00 1.204045081519823590e+00
4.496472020903849121e+00 5.639295535504188273e+00 1.361178472853996446e+01 3.479045414037869044e+00 2.494452013144066616e+00 8.447745736411822470e-01
5.660722890537329022e+00 3.944334132843113849e+00 1.229032438356499846e+01 2.446919123198326051e+00 1.669542168796292803e+00 5.965872321253913313e-01
7.126427896022375919e+00 2.761867461029535953e+00 7.654691933029457829e+00 1.687599677813872656e+00 1.149741857271424639e+00 4.170777322784491314e-01
8.971641173621408782e+00 1.848263692176650874e+00 4.904615120580846366e+00 1.134062026228294329e+00 7.782094579295868453e-01 2.873119378260777790e-01
1.129462705897083730e+01 1.235280490389716324e+00 3.222718743644061412e+00 7.580494169838016827e-01 5.199538540642505424e-01 1.949556372488261413e-01
1.421909302127640728e+01 8.044656993636640774e-01 1.977753538322867488e+00 5.003006593544316871e-01 3.416476458066908251e-01 1.291964984872615574e-01
1.790077753714997399e+01 5.323645129376419760e-01 1.444468026519080350e+00 3.270472680362210838e-01 2.214582951545303047e-01 8.350095245273903011e-02
2.253574373239231221e+01 3.278896760140759259e-01 8.427194291476254318e-01 2.037305444432111479e-01 1.354032464493599708e-01 5.139508794480818210e-02
2.837082045838980804e+01 1.895907530059703916e-01 4.169200037785565360e-01 1.155681846731506646e-01 8.020766326210027053e-02 2.978488502438136898e-02
3.571674682851676152e+01 1.073635151100154062e-01 2.464381638872306102e-01 6.504771858823188424e-02 4.532673547148946547e-02 1.658738411054572204e-02
4.496472020903848943e+01 5.591801155007836144e-02 1.357505759368835552e-01 3.481492349618209303e-02 2.299596448609397825e-02 8.840991642993900612e-03
5.660722890537330443e+01 3.031729424225959590e-02 8.094638319661706660e-02 1.900218432823641557e-02 1.196081198612519714e-02 4.388070300247903788e-03
7.126427896022379116e+01 1.357099006154371956e-02 4.748959903582061770e-02 8.773214105777471516e-03 4.853591061705353482e-03 1.983755374528550774e-03
8.971641173621409848e+01 9.538638839595492414e-03 3.062785923923216913e-02 5.469430417624820961e-03 3.373803777604988952e-03 1.159125734034205379e-03
