1.129462705897083669e-01 4.601086432819971378e+04 -1.000000000000000000e+00 1.344995028574110984e+04 3.137518930421661025e+03 3.537171925676459523e+02
1.421909302127640218e-01 3.161781585042458391e+04 -1.000000000000000000e+00 9.524331967986785457e+03 2.156006794899810757e+03 2.807627434755978584e+02
1.790077753714996445e-01 2.113070233083716084e+04 -1.000000000000000000e+00 5.924324067576563721e+03 1.517734223841993753e+03 2.203941347150710328e+02
2.253574373239229933e-01 1.394661057304110909e+04 -1.000000000000000000e+00 4.009528759814373188e+03 1.066748475661542216e+03 1.717195149873373623e+02
2.837082045838980049e-01 9.138689959931414705e+03 -1.000000000000000000e+00 2.782043362184528178e+03 7.444763657853271752e+02 1.264636074117975539e+02
3.571674682851676552e-01 5.639402287380522466e+03 -1.000000000000000000e+00 1.755062658081866175e+03 5.219536943958934216e+02 9.297216080042699105e+01
4.496472020903848343e-01 3.415662078916067003e+03 -1.000000000000000000e+00 1.130093004893202760e+03 3.712272548544798951e+02 6.494510558242521370e+01
5.660722890537328578e-01 2.081733436781453747e+03 -1.000000000000000000e+00 6.908817891146974262e+02 2.581000581371444014e+02 4.501086761437727546e+01
7.126427896022373698e-01 1.210006845569413144e+03 -1.000000000000000000e+00 4.155695541157648449e+02 1.767251774804290960e+02 3.005656651711949934e+01
8.971641173621407450e-01 6.942584079739842764e+02 -1.000000000000000000e+00 2.456433907626231132e+02 1.160483388082557354e+02 1.940954612127976375e+01
1.129462705897083641e+00 3.826264685755213577e+02 -1.000000000000000000e+00 1.315818188992632827e+02 7.379028276265941599e+01 1.206860353316049483e+01
1.421909302127640773e+00 2.187836303616806788e+02 4.707556381345593621e+00 6.992114185029966222e+01 4.421702102677908641e+01 7.382351885041224193e+00
1.790077753714996778e+00 7.789071275433434494e+01 5.335053347722748640e+01 3.371622981239325156e+01 2.480162529385159331e+01 4.469174487089855319e+00
2.253574373239230155e+00 2.558923762056857498e+01 3.914285360785813594e+01 1.533872518957989683e+01 1.277184139155379228e+01 2.742731000733846791e+00
2.837082045838980271e+00 1.224344936258017391e+01 2.989716740121295402e+01 8.182511475359255826e+00 6.465019744573958782e+00 1.782789742671110123e+00
3.571674682851676330e+00 8.302378874547684973e+00 2.384844986312911175e+01 5.144638892048864598e+00 3.680165349622504856e+00 1.212016884817107787e+00
4.496472020903849121e+00 5.809308690394490604e+00 1.867327706237989915e+01 3.561260406887249985e+00 2.397906122382950755e+00 8.494912621598791347e-01
5.660722890537329022e+00 4.029530434299204877e+00 1.247834220903012259e+01 2.441147803270625527e+00 1.656110824936933401e+00 5.961267309281528259e-01
7.126427896022375919e+00 2.730467203082243444e+00 8.112683101816941189e+00 1.656313062871372477e+00 1.141602637049974334e+00 4.161381491138160804e-01
8.971641173621408782e+00 1.816616350216736286e+00 5.021380672642950849e+00 1.131013711317077508e+00 7.732071428855995521e-01 2.894868555376155506e-01
1.129462705897083730e+01 1.224625559472923619e+00 2.997213327548913231e+00 7.576479538985592121e-01 5.189085009825364914e-01 1.962182743301028598e-01
1.421909302127640728e+01 7.916696118772410529e-01 1.876608416198176865e+00 5.041221986263089150e-01 3.411951351559809886e-01 1.300335850887859301e-01
1.790077753714997399e+01 5.139140952847398580e-01 1.228371872566320633e+00 3.180510365501394432e-01 2.181966715614500618e-01 8.341360547775655832e-02
2.253574373239231221e+01 3.336256206392647083e-01 8.494386126477486698e-01 2.085659208665502362e-01 1.357594201553382618e-01 5.240609712229460371e-02
2.837082045838980804e+01 1.925282128648744262e-01 4.765971862672726544e-01 1.217827036450307432e-01 7.924354563078606084e-02 3.082674683090114165e-02
3.571674682851676152e+01 1.096498601635900183e-01 3.018426993508940281e-01 6.952750097868998225e-02 4.345690457190065636e-02 1.695738222523135441e-02
4.496472020903848943e+01 5.779128262499910740e-02 1.594599252176918114e-01 3.714688215004779970e-02 2.248552041976492610e-02 8.865371321177928365e-03
5.660722890537330443e+01 2.426761112518205366e-02 5.827601009022154166e-02 1.600526897313114816e-02 1.047317625191013235e-02 4.237547562399690548e-03
7.126427896022379116e+01 9.540155134778682822e-03 2.116454818569413199e-02 7.036091335665073387e-03 4.502900816081734092e-03 1.842811057170656852e-03
8.971641173621409848e+01 5.210455303467087518e-03 1.434133814133708995e-02 3.640305613569205789e-03 2.013218927951365700e-03 8.098172738346676169e-04
