1.129462705897083669e-01 4.040581352346458152e+04 -1.000000000000000000e+00 1.166821101805963553e+04 3.084565144987277108e+03 3.464839124446230585e+02
1.421909302127640218e-01 2.783544107577421892e+04 -1.000000000000000000e+00 8.580586819503692823e+03 2.148064174930292666e+03 2.792552230646455769e+02
1.790077753714996445e-01 1.929456449535677530e+04 -1.000000000000000000e+00 5.785446886451343744e+03 1.530958849265961817e+03 2.207179418512432392e+02
2.253574373239229933e-01 1.249986591659925944e+04 -1.000000000000000000e+00 3.763143593436865558e+03 1.056640540567221251e+03 1.684647389310431151e+02
2.837082045838980049e-01 8.190767484089378740e+03 -1.000000000000000000e+00 2.546465469241895335e+03 7.374459356395476561e+02 1.260659614442621717e+02
3.571674682851676552e-01 5.057132940719048747e+03 -1.000000000000000000e+00 1.622474549951516110e+03 5.201889148468897019e+02 9.250336441334238202e+01
4.496472020903848343e-01 3.067819978059872028e+03 -1.000000000000000000e+00 1.029991645903814742e+03 3.668347404211223761e+02 6.504498973346487389e+01
5.660722890537328578e-01 1.894197376911919719e+03 -1.000000000000000000e+00 6.404138029793548412e+02 2.581924531968807059e+02 4.475771995190527264e+01
7.126427896022373698e-01 1.060808976244397627e+03 -1.000000000000000000e+00 3.806721334050040468e+02 1.750602792052898451e+02 3.002092764727299468e+01
8.971641173621407450e-01 6.147776461408669775e+02 -1.000000000000000000e+00 2.227305629607313051e+02 1.143220944472554663e+02 1.936167664042399750e+01
1.129462705897083641e+00 3.575186363536487875e+02 -1.000000000000000000e+00 1.235051577549566844e+02 7.293347468230032860e+01 1.198996846806070060e+01
1.421909302127640773e+00 1.946062295911939941e+02 4.795452613244131079e+00 6.282825625161935790e+01 4.397553839689694399e+01 7.335726432331059144e+00
1.790077753714996778e+00 7.389395461740249971e+01 3.675988921704711032e+01 3.193323174849763291e+01 2.446296296983805263e+01 4.411518827565860335e+00
2.253574373239230155e+00 2.522999092888089478e+01 3.393804508079519167e+01 1.519052715983572099e+01 1.278524235348563032e+01 2.744344864761759872e+00
2.837082045838980271e+00 1.259484816508451566e+01 3.620981709507602631e+01 8.028704237922550391e+00 6.606880900719199090e+00 1.773991825639389841e+00
3.571674682851676330e+00 8.209277501841958369e+00 2.423111539730187403e+01 5.083479465485361892e+00 3.753241580876843564e+00 1.207134155297521438e+00
4.496472020903849121e+00 5.755688842276277306e+00 1.604395220636651942e+01 3.440037015206205417e+00 2.408185920945117520e+00 8.496683295185403217e-01
5.660722890537329022e+00 3.958465658377019913e+00 1.130813234790855581e+01 2.415882809986455992e+00 1.636168133932376367e+00 5.946553456944814187e-01
7.126427896022375919e+00 2.783367175271870941e+00 8.851472117531768546e+00 1.692326570939299835e+00 1.122921840921079717e+00 4.163126370205845195e-01
8.971641173621408782e+00 1.876072112060150232e+00 5.852417388548428079e+00 1.151321665015066831e+00 7.615747947529598605e-01 2.881105007925328643e-01
1.129462705897083730e+01 1.223697148596772255e+00 3.174404799259209042e+00 7.541802614743782218e-01 5.090459848197099735e-01 1.936955425580877410e-01
1.421909302127640728e+01 8.288394504026597165e-01 2.372953420908081590e+00 5.120900204315372850e-01 3.400320181055218605e-01 1.287943315242969788e-01
1.790077753714997399e+01 5.381237050598608462e-01 1.367254593222562153e+00 3.276733117818901864e-01 2.167214352607573780e-01 8.290466161147791446e-02
2.253574373239231221e+01 3.294757842329620878e-01 8.735526674576408190e-01 2.048918579873171275e-01 1.330988663741037303e-01 5.145831264590183807e-02
2.837082045838980804e+01 1.936265563863894812e-01 4.934999136004065701e-01 1.216247153607463716e-01 7.895438669622323324e-02 3.069726562207453213e-02
3.571674682851676152e+01 1.078612148096265155e-01 2.447350262668919196e-01 6.777622886526657453e-02 4.428714745111328455e-02 1.695866179024929643e-02
4.496472020903848943e+01 5.839032045867176279e-02 1.373630902441997925e-01 3.633246084454921920e-02 2.277464182866961728e-02 8.397195576976601572e-03
5.660722890537330443e+01 2.580248276591468048e-02 5.684605070921988634e-02 1.526638691781534440e-02 1.017496122347005816e-02 3.679694591677273863e-03
7.126427896022379116e+01 7.823313429725642365e-03 7.934495389522622233e-03 4.813269200217629162e-03 4.088062777391821001e-03 1.492674414365069424e-03
8.971641173621409848e+01 7.213576004654997931e-03 1.692642699549140595e-02 4.126566469816683735e-03 3.110979416513837137e-03 9.681777329089147344e-04
