1.129462705897083669e-01 4.423693378959734400e+04 -1.000000000000000000e+00 1.338027324592155674e+04 3.108366839814724244e+03 3.524280931397804579e+02
1.421909302127640218e-01 3.026460921846596102e+04 -1.000000000000000000e+00 9.107328165401198930e+03 2.148616975248840390e+03 2.854647714240441019e+02
1.790077753714996445e-01 2.123815020945504511e+04 -1.000000000000000000e+00 6.367822700000817349e+03 1.508760914794472683e+03 2.275538702815452723e+02
2.253574373239229933e-01 1.384710143678270106e+04 -1.000000000000000000e+00 4.143372764751493378e+03 1.060523860868947622e+03 1.719178669907680330e+02
2.837082045838980049e-01 9.078270038170232510e+03 -1.000000000000000000e+00 2.769671945880603744e+03 7.370891382385337920e+02 1.274351288097533370e+02
3.571674682851676552e-01 5.622261190802367310e+03 -1.000000000000000000e+00 1.748272291617699921e+03 5.195481573431941342e+02 9.364251698678950220e+01
4.496472020903848343e-01 3.413929639057316763e+03 -1.000000000000000000e+00 1.095229239986842913e+03 3.685916038101713639e+02 6.600523964005073196e+01
5.660722890537328578e-01 2.047608578279819994e+03 -1.000000000000000000e+00 6.882551487424860852e+02 2.548294260013923349e+02 4.534479498037966749e+01
7.126427896022373698e-01 1.185430469932003007e+03 -1.000000000000000000e+00 4.180413656339512727e+02 1.728751327202517700e+02 3.022649264854762663e+01
8.971641173621407450e-01 6.837446644687502157e+02 -1.000000000000000000e+00 2.404556519557829972e+02 1.140000036665661298e+02 1.943726755198429501e+01
1.129462705897083641e+00 3.880788726931421593e+02 -1.000000000000000000e+00 1.324003446546120699e+02 7.201364655414245419e+01 1.206344713544903335e+01
1.421909302127640773e+00 2.126935438758350188e+02 -1.000000000000000000e+00 6.872361067458508899e+01 4.300604699455868740e+01 7.300299702673681779e+00
1.790077753714996778e+00 7.223165601247013967e+01 5.574031046357853825e+01 3.261938264296566814e+01 2.384053953957493377e+01 4.400572347434706266e+00
2.253574373239230155e+00 2.442536289673881456e+01 4.165627885459013413e+01 1.512814437911279342e+01 1.239173723184675424e+01 2.728503752487773770e+00
2.837082045838980271e+00 1.207092327659066910e+01 2.821766927448631535e+01 7.767812906458965827e+00 6.414167515338704106e+00 1.765810711727766602e+00
3.571674682851676330e+00 8.091643134034928408e+00 2.292965926975594826e+01 5.050053833271088699e+00 3.711230121877204802e+00 1.207655040172059824e+00
4.496472020903849121e+00 5.760345342350585263e+00 1.707936138561598582e+01 3.524875503950621436e+00 2.404852527450185296e+00 8.489055778196918922e-01
5.660722890537329022e+00 3.897833415894137232e+00 1.084228866985950290e+01 2.415325905830518316e+00 1.631291068473955441e+00 5.946015873706529398e-01
7.126427896022375919e+00 2.604505280531227651e+00 6.823677865891430550e+00 1.658382119351397677e+00 1.115496047512607003e+00 4.165442896745867873e-01
8.971641173621408782e+00 1.843240668148324879e+00 5.152113783485036791e+00 1.139280052427984469e+00 7.695217916038454842e-01 2.885091035293900763e-01
1.129462705897083730e+01 1.241988941223806098e+00 3.291857646446619157e+00 7.683900074846603534e-01 5.161114045379020521e-01 1.943777268136506198e-01
1.421909302127640728e+01 8.013642227435062715e-01 2.062379276765914149e+00 5.021186834527489040e-01 3.378446151421943267e-01 1.288179852374116141e-01
1.790077753714997399e+01 5.156625316423661953e-01 1.312167651390819145e+00 3.179640980987650245e-01 2.199202568117766265e-01 8.348674991196070039e-02
2.253574373239231221e+01 3.289167635723184713e-01 8.484387503655714813e-01 2.014814130016071569e-01 1.343936425910006172e-01 5.136700761232249057e-02
2.837082045838980804e+01 1.849327103005224959e-01 4.081491338142695380e-01 1.194699015945934750e-01 7.772921948023592265e-02 3.007673908973562682e-02
3.571674682851676152e+01 1.094936822258418818e-01 2.739864867943200277e-01 6.806653871951229284e-02 4.202780202258127318e-02 1.634137697845172710e-02
4.496472020903848943e+01 5.041403475784744792e-02 1.069581268183088518e-01 3.435674548569234155e-02 2.020213598318609804e-02 8.320232568506336079e-03
5.660722890537330443e+01 2.619462026749519445e-02 6.733112352513748178e-02 1.603449379416810316e-02 1.058875765835964877e-02 3.951535929062943708e-03
7.126427896022379116e+01 6.034757707320981268e-03 5.342605767047592380e-03 3.835670021438586375e-03 3.591433547254885283e-03 1.266768599403222950e-03
8.971641173621409848e+01 2.891060820781721219e-03 5.295955609039948442e-03 1.775779996856741150e-03 2.061442675231006660e-03 7.809454752027988889e-04
