1.129462705897083669e-01 4.309851330211549794e+04 -1.000000000000000000e+00 1.284740609977763233e+04 3.116230434665273151e+03 3.562953914233768273e+02
1.421909302127640218e-01 3.049528675602869771e+04 -1.000000000000000000e+00 9.106027315453789925e+03 2.154192721434973009e+03 2.827009840039650044e+02
1.790077753714996445e-01 2.087267686181600584e+04 -1.000000000000000000e+00 6.263267650482594036e+03 1.506649158379203755e+03 2.221031168226465411e+02
2.253574373239229933e-01 1.439201042063069144e+04 -1.000000000000000000e+00 4.176088404900005116e+03 1.054796844224220422e+03 1.701507309602038447e+02
2.837082045838980049e-01 8.629482969529000911e+03 -1.000000000000000000e+00 2.664854026666040681e+03 7.326865937402227473e+02 1.277424006937579577e+02
3.571674682851676552e-01 5.485841621595772267e+03 -1.000000000000000000e+00 1.761302187268277748e+03 5.116549300505624842e+02 9.226330442768554008e+01
4.496472020903848343e-01 3.422284403532783926e+03 -1.000000000000000000e+00 1.120344905152380761e+03 3.658856651934402180e+02 6.526291879027868958e+01
5.660722890537328578e-01 2.051251537153538266e+03 -1.000000000000000000e+00 6.788597448361880424e+02 2.547144171906164445e+02 4.489311128599142364e+01
7.126427896022373698e-01 1.191112518486962927e+03 -1.000000000000000000e+00 4.120197536944109515e+02 1.716743266068636160e+02 2.999298677331333707e+01
8.971641173621407450e-01 6.857335136225362930e+02 -1.000000000000000000e+00 2.423130521904598709e+02 1.130593238456077643e+02 1.929394489736241169e+01
1.129462705897083641e+00 3.773049546151760296e+02 -1.000000000000000000e+00 1.330927193397726001e+02 7.104923915609074925e+01 1.200422017840210209e+01
1.421909302127640773e+00 2.136317231277248823e+02 4.730492088126673877e+00 6.871536973294612949e+01 4.246662596558974201e+01 7.285152711877923792e+00
1.790077753714996778e+00 7.351946707951636029e+01 4.495279163153895752e+01 3.211831692438163799e+01 2.359683734560686830e+01 4.400527374221348431e+00
2.253574373239230155e+00 2.434053292471136842e+01 4.650133956272667035e+01 1.520580611422391470e+01 1.225622052910044957e+01 2.708993128150320118e+00
2.837082045838980271e+00 1.244753962481764908e+01 3.290703192559209356e+01 7.931919993170955863e+00 6.430263446274329553e+00 1.754380649513212820e+00
3.571674682851676330e+00 8.178947889717093744e+00 2.141731563703282859e+01 4.997709318210088902e+00 3.738035916864052233e+00 1.198564466752940927e+00
4.496472020903849121e+00 5.496686618806829294e+00 1.585290861421080422e+01 3.423926745119873161e+00 2.384554036981088920e+00 8.412349290387142187e-01
5.660722890537329022e+00 3.905336403879895002e+00 1.044359455390455871e+01 2.413505087956356210e+00 1.638858934984220639e+00 5.937937903353491809e-01
7.126427896022375919e+00 2.780979075576112347e+00 8.285858995504769453e+00 1.695991995877826675e+00 1.121092162115457924e+00 4.159948808570330669e-01
8.971641173621408782e+00 1.775462870067535004e+00 5.091204476192458195e+00 1.115935716919478349e+00 7.581409003362316046e-01 2.878303571590472565e-01
1.129462705897083730e+01 1.227782848363756063e+00 3.402026440221594505e+00 7.576562313288213169e-01 5.108333868026568858e-01 1.948008737008473101e-01
1.421909302127640728e+01 7.778265390714136363e-01 2.100196219676528475e+00 4.891854091555900563e-01 3.323540216490787902e-01 1.280298033158853155e-01
1.790077753714997399e+01 5.000549850632822757e-01 1.154037107728382416e+00 3.193704926181071269e-01 2.136590751106539621e-01 8.261291138178661342e-02
2.253574373239231221e+01 3.137910463336985867e-01 8.266424213666696552e-01 1.959910129734787620e-01 1.329265333812124084e-01 5.057927967869813024e-02
2.837082045838980804e+01 1.933054060540975172e-01 5.012879454714311844e-01 1.198897980845439193e-01 7.917483989187368287e-02 3.021517185153599350e-02
3.571674682851676152e+01 1.063521721781739426e-01 2.409068913918812616e-01 6.734340980878994465e-02 4.344862362730750327e-02 1.668436721239263676e-02
4.496472020903848943e+01 5.708306739207169578e-02 1.552397033934818094e-01 3.499567837119110791e-02 2.268866495047561216e-02 8.591377176880854449e-03
5.660722890537330443e+01 2.504831329373691240e-02 4.781547911425843012e-02 1.619006562632119284e-02 1.020700391748663449e-02 4.091911143308424315e-03
7.126427896022379116e+01 1.149402705815671943e-02 3.086690525096225102e-02 6.443471333808847845e-03 4.557779171284526143e-03 1.620848611879610601e-03
8.971641173621409848e+01 7.696690740816247711e-03 2.688125798642437836e-02 4.272153529874866962e-03 2.667871357385109832e-03 9.280943302847344256e-04
