1.129462705897083669e-01 4.301726515131956694e+04 -1.000000000000000000e+00 1.148307757376374138e+04 3.142240100662307213e+03 3.422585309866196326e+02
1.421909302127640218e-01 2.916093530265557274e+04 -1.000000000000000000e+00 8.402856814112299617e+03 2.184040022117113949e+03 2.858237048552232409e+02
1.790077753714996445e-01 1.901174599458992452e+04 -1.000000000000000000e+00 5.915810381062625311e+03 1.519721310940105923e+03 2.203581561443852479e+02
2.253574373239229933e-01 1.296057345115160751e+04 -1.000000000000000000e+00 3.737785082520167180e+03 1.068548693071309117e+03 1.718908189903002040e+02
2.837082045838980049e-01 8.283789926337518409e+03 -1.000000000000000000e+00 2.488105774594966078e+03 7.549013039560134075e+02 1.274306101055767897e+02
3.571674682851676552e-01 5.134532463350057697e+03 -1.000000000000000000e+00 1.623250936502299737e+03 5.362981035262814657e+02 9.237880498682231689e+01
4.496472020903848343e-01 3.128673272556860411e+03 -1.000000000000000000e+00 1.013219844515856948e+03 3.716984719696662864e+02 6.480095459172024164e+01
5.660722890537328578e-01 1.880473480457455935e+03 -1.000000000000000000e+00 6.315205563265261617e+02 2.611306388362526150e+02 4.500916100092240413e+01
7.126427896022373698e-01 1.085655689761696294e+03 -1.000000000000000000e+00 3.784329675395730987e+02 1.767310945207878206e+02 3.010503538011074198e+01
8.971641173621407450e-01 6.208790720923875597e+02 -1.000000000000000000e+00 2.205376506588818017e+02 1.169403260651398284e+02 1.934009965054572788e+01
1.129462705897083641e+00 3.517380844948549452e+02 1.045221727793664535e+01 1.225469093596426688e+02 7.409903705437851329e+01 1.203429916505229613e+01
1.421909302127640773e+00 1.927928508234229810e+02 1.621911528928255564e+01 6.378361696071016240e+01 4.459594702601352623e+01 7.323917522445267281e+00
1.790077753714996778e+00 7.452244432136733110e+01 3.064333611026356863e+01 3.138239748371238846e+01 2.506019535510520768e+01 4.428950445063130736e+00
2.253574373239230155e+00 2.496361732749835127e+01 3.071847217568185684e+01 1.486550024650911972e+01 1.292159579582158457e+01 2.733561728575256033e+00
2.837082045838980271e+00 1.206610759359619856e+01 2.718085634817872531e+01 7.648174400879508283e+00 6.639269087967015537e+00 1.766036646936593790e+00
3.571674682851676330e+00 8.138050206515273999e+00 2.326411087446697934e+01 5.044187761481097709e+00 3.748397223812648171e+00 1.200202989390890984e+00
4.496472020903849121e+00 5.740122164014707984e+00 1.606150873024409265e+01 3.450403032212112642e+00 2.409346394173933259e+00 8.437978655506181980e-01
5.660722890537329022e+00 3.960311576855636950e+00 1.046199261291855898e+01 2.408627231072351105e+00 1.638151313709976797e+00 5.963986513386283494e-01
7.126427896022375919e+00 2.760596558904414799e+00 7.890459143312304136e+00 1.671251416156373182e+00 1.132788572707736474e+00 4.172301240859128679e-01
8.971641173621408782e+00 1.918195972052101350e+00 5.969304155038271276e+00 1.163092021070925686e+00 7.709919623828001001e-01 2.888404746520900623e-01
1.129462705897083730e+01 1.273012654170740721e+00 3.706861301231962891e+00 7.804759221937105362e-01 5.166167790774058854e-01 1.967632053049155338e-01
1.421909302127640728e+01 8.759575648562600847e-01 2.759506838160021847e+00 5.240261564372925562e-01 3.416492591279802760e-01 1.291769725086053811e-01
1.790077753714997399e+01 5.327503236209967241e-01 1.413523545137369108e+00 3.325232473387644827e-01 2.159734808703572817e-01 8.258948033762747443e-02
2.253574373239231221e+01 3.357778913812516919e-01 9.146423204229758852e-01 2.084604257755746648e-01 1.325672681763838678e-01 5.069513077270193513e-02
2.837082045838980804e+01 1.947319825978581775e-01 5.094822797780884649e-01 1.226454309758531203e-01 7.767184683667638367e-02 2.971096580210952354e-02
3.571674682851676152e+01 1.072280075116631703e-01 2.718739909123581988e-01 6.769797963070134372e-02 4.172253978158280141e-02 1.614889076721648387e-02
4.496472020903848943e+01 5.080829675338849327e-02 1.117206486462234416e-01 3.396569951961248002e-02 2.049715767315718473e-02 8.150947660772400738e-03
5.660722890537330443e+01 2.333354208949933728e-02 4.758973754261730527e-02 1.521346417684710239e-02 1.002994607119722659e-02 3.974629537898621834e-03
7.126427896022379116e+01 1.413747798243236709e-02 4.050286445473405550e-02 8.542917809613248536e-03 4.671047480001133678e-03 1.806617076287375667e-03
8.971641173621409848e+01 8.062652176145546079e-03 2.195134108174445764e-02 5.069265002383138707e-03 2.690329865645546548e-03 9.206788475712990305e-04
