1.129462705897083669e-01 4.216422361634617118e+04 -1.000000000000000000e+00 1.278395286212458450e+04 3.128275516000366224e+03 3.415423646378054627e+02
1.421909302127640218e-01 2.764977109744961854e+04 -1.000000000000000000e+00 8.375487747170123839e+03 2.182369846013707047e+03 2.954072274677053542e+02
1.790077753714996445e-01 1.913095221673694323e+04 -1.000000000000000000e+00 5.984110074777984664e+03 1.509983926962208898e+03 2.272660417160588509e+02
2.253574373239229933e-01 1.287691931107489472e+04 -1.000000000000000000e+00 3.879856068918442816e+03 1.065594503481899210e+03 1.735858270196168860e+02
2.837082045838980049e-01 8.197441405237896106e+03 -1.000000000000000000e+00 2.609205216896524234e+03 7.451106239295550040e+02 1.281490840696464204e+02
3.571674682851676552e-01 5.018083827677874979e+03 -1.000000000000000000e+00 1.680328073745664824e+03 5.217437334332415730e+02 9.349078095811961475e+01
4.496472020903848343e-01 3.102821966324198456e+03 -1.000000000000000000e+00 1.049721609584158386e+03 3.702533744161692653e+02 6.611760930997034791e+01
5.660722890537328578e-01 1.868448313264117360e+03 -1.000000000000000000e+00 6.223970616178445425e+02 2.566010401243415799e+02 4.545003614342981990e+01
7.126427896022373698e-01 1.078499293983124517e+03 -1.000000000000000000e+00 3.876431972425492063e+02 1.740505408328329509e+02 3.016604912528795523e+01
8.971641173621407450e-01 6.305619292386405732e+02 -1.000000000000000000e+00 2.218860300777703287e+02 1.147679359195156508e+02 1.937496577988544999e+01
1.129462705897083641e+00 3.542842908309550012e+02 -1.000000000000000000e+00 1.251210601337405137e+02 7.231863288423276970e+01 1.211587051218222832e+01
1.421909302127640773e+00 1.938268654863108793e+02 -1.000000000000000000e+00 6.591167050004429484e+01 4.337095711726327352e+01 7.343264034385819983e+00
1.790077753714996778e+00 7.562302914980300272e+01 3.335417459164678178e+01 3.137269969703060468e+01 2.424123499480465327e+01 4.432602269987739874e+00
2.253574373239230155e+00 2.469343137349286721e+01 3.630539307546074923e+01 1.462233395305580785e+01 1.243300450542300695e+01 2.727823044476000547e+00
2.837082045838980271e+00 1.252853223804181226e+01 2.632636525711509634e+01 7.717508583502487696e+00 6.407386274372629309e+00 1.763370611472435900e+00
3.571674682851676330e+00 8.620448571406077676e+00 2.747248440146973536e+01 5.031911275853268251e+00 3.691179817094787374e+00 1.203261489491170178e+00
4.496472020903849121e+00 5.744203983705922667e+00 1.543764756888370115e+01 3.459397445373657121e+00 2.384921347218166954e+00 8.462734034303627251e-01
5.660722890537329022e+00 3.991294969957687400e+00 1.158383666617644359e+01 2.402586036901040334e+00 1.634480344979161170e+00 5.945350294459130769e-01
7.126427896022375919e+00 2.863630014232313226e+00 9.118197108142897633e+00 1.678646748100455888e+00 1.135218483311307480e+00 4.169263383593413419e-01
8.971641173621408782e+00 1.872137691097699896e+00 5.412795351816251710e+00 1.153386872689989850e+00 7.655140164375413558e-01 2.870942388586636973e-01
1.129462705897083730e+01 1.263887597442782340e+00 3.627264297344013677e+00 7.763084954774615021e-01 5.194654453719897980e-01 1.952610105799605922e-01
1.421909302127640728e+01 8.488895621238592426e-01 2.432991628722415811e+00 5.161872385852097622e-01 3.406016490273588992e-01 1.290809757624364895e-01
1.790077753714997399e+01 5.217739374048540046e-01 1.361849503175709408e+00 3.268895742700070883e-01 2.156376175148593255e-01 8.214042280225553050e-02
2.253574373239231221e+01 3.307024210810187714e-01 9.040098696590916916e-01 2.076044363776652357e-01 1.322397885113852922e-01 5.123686165007157456e-02
2.837082045838980804e+01 1.968031775235146164e-01 5.403440626510691569e-01 1.230642287325913742e-01 7.766997440916134643e-02 2.992199154650587722e-02
3.571674682851676152e+01 1.092829962368109253e-01 3.064905817130094690e-01 6.745992564688996218e-02 4.273124478287915196e-02 1.624990506504908616e-02
4.496472020903848943e+01 4.938298123443041199e-02 1.206501705203784081e-01 3.141762810576986809e-02 2.056595334944444353e-02 7.937488987241225757e-03
5.660722890537330443e+01 1.978162281925155419e-02 3.450001139854586008e-02 1.277240947872737564e-02 8.406611350081805156e-03 3.568942489345916513e-03
7.126427896022379116e+01 5.755759032068485936e-03 1.299941092555179090e-02 4.300995523283779320e-03 2.543586600325165037e-03 1.139260421088250652e-03
8.971641173621409848e+01 6.863314791212937749e-03 1.822455557774760315e-02 3.981742882653405147e-03 2.615819278511510859e-03 8.290382993378919707e-04
