1.129462705897083669e-01 4.719634933381868177e+04 -1.000000000000000000e+00 1.248542848419199800e+04 3.142240100662307213e+03 3.422585309866196326e+02
1.421909302127640218e-01 3.206101726645557574e+04 -1.000000000000000000e+00 9.256878129978536890e+03 2.184040022117113949e+03 2.858237048552232409e+02
1.790077753714996445e-01 2.109654130828240886e+04 -1.000000000000000000e+00 6.271898057491317559e+03 1.519721310940105923e+03 2.203581561443852479e+02
2.253574373239229933e-01 1.433656790778819595e+04 -1.000000000000000000e+00 4.083902120053374802e+03 1.068548693071309117e+03 1.718908189903002040e+02
2.837082045838980049e-01 9.030582697351694151e+03 -1.000000000000000000e+00 2.698618168598823559e+03 7.549013039560134075e+02 1.274306101055767897e+02
3.571674682851676552e-01 5.672391000990823159e+03 -1.000000000000000000e+00 1.760001363829786214e+03 5.362981035262814657e+02 9.237880498682231689e+01
4.496472020903848343e-01 3.462622425955335530e+03 -1.000000000000000000e+00 1.113302849982738280e+03 3.716984719696662864e+02 6.480095459172024164e+01
5.660722890537328578e-01 2.055272929042831038e+03 -1.000000000000000000e+00 6.912352285206326314e+02 2.611306388362526150e+02 4.500916100092240413e+01
7.126427896022373698e-01 1.196182767414117279e+03 -1.000000000000000000e+00 4.172541590802055111e+02 1.767310945207878206e+02 3.010503538011074198e+01
8.971641173621407450e-01 6.821631700547973196e+02 -1.000000000000000000e+00 2.404800391241770967e+02 1.169403260651398284e+02 1.934009965054572788e+01
1.129462705897083641e+00 3.809916737723486904e+02 -1.000000000000000000e+00 1.336300465692350770e+02 7.409903705437851329e+01 1.203429916505229613e+01
1.421909302127640773e+00 2.140747654365613641e+02 3.343823057856511127e+01 6.874268191250486382e+01 4.459594702601352623e+01 7.323917522445267281e+00
1.790077753714996778e+00 7.466926089275412437e+01 2.776666919114870069e+01 3.317002955628876038e+01 2.506019535510520768e+01 4.428950445063130736e+00
2.253574373239230155e+00 2.505191643701513726e+01 4.081071332248971828e+01 1.530716000794472365e+01 1.292159579582158457e+01 2.733561728575256033e+00
2.837082045838980271e+00 1.220809041672728767e+01 2.862602846859814676e+01 7.784600887980719364e+00 6.639269087967015537e+00 1.766036646936593790e+00
3.571674682851676330e+00 7.984640383064471436e+00 1.855614906300323952e+01 5.031508913914310988e+00 3.748397223812648171e+00 1.200202989390890984e+00
4.496472020903849121e+00 5.668793218628626285e+00 1.479097084607697887e+01 3.459480855837226976e+00 2.409346394173933259e+00 8.437978655506181980e-01
5.660722890537329022e+00 3.937794250809446339e+00 1.055296080825918104e+01 2.405328706322581223e+00 1.638151313709976797e+00 5.963986513386283494e-01
7.126427896022375919e+00 2.688463097699677284e+00 7.206577670749819475e+00 1.657968982046289064e+00 1.132788572707736474e+00 4.172301240859128679e-01
8.971641173621408782e+00 1.857844838473515114e+00 4.963896342508160586e+00 1.153663671223436715e+00 7.709919623828001001e-01 2.888404746520900623e-01
1.129462705897083730e+01 1.219064476542115472e+00 3.306033696504179886e+00 7.586676302425356955e-01 5.166167790774058854e-01 1.967632053049155338e-01
1.421909302127640728e+01 8.370115146454308874e-01 2.369206891602950726e+00 5.112588965975779498e-01 3.416492591279802760e-01 1.291769725086053811e-01
1.790077753714997399e+01 5.114912840841887576e-01 1.249553530747821828e+00 3.206140928270937440e-01 2.159734808703572817e-01 8.258948033762747443e-02
2.253574373239231221e+01 3.137104722611814278e-01 7.041470050752691723e-01 1.972206355202643646e-01 1.325672681763838678e-01 5.069513077270193513e-02
2.837082045838980804e+01 1.801962605882168056e-01 3.765264446995013614e-01 1.136412828271731179e-01 7.767184683667638367e-02 2.971096580210952354e-02
3.571674682851676152e+01 9.689687247337075426e-02 2.103083364547553291e-01 6.178193879284177292e-02 4.172253978158280141e-02 1.614889076721648387e-02
4.496472020903848943e+01 4.750632239197694062e-02 9.211806414764533990e-02 3.086221856777671135e-02 2.049715767315718473e-02 8.150947660772400738e-03
5.660722890537330443e+01 2.268866444252681802e-02 4.204067762683938447e-02 1.463770099466321639e-02 1.002994607119722659e-02 3.974629537898621834e-03
7.126427896022379116e+01 1.073219689210724859e-02 2.340582764067189459e-02 7.125516772217954653e-03 4.671047480001133678e-03 1.806617076287375667e-03
8.971641173621409848e+01 7.015516275851396699e-03 1.818106178475642487e-02 4.228284766744083711e-03 2.690329865645546548e-03 9.206788475712990305e-04
