1.129462705897083669e-01 3.902133076888162032e+04 -1.000000000000000000e+00 1.270963526391822415e+04 3.169457255574857754e+03 3.574412575814794764e+02
1.421909302127640218e-01 2.861866369601054248e+04 -1.000000000000000000e+00 8.809742641376382380e+03 2.162248176584022076e+03 2.904539461174337021e+02
1.790077753714996445e-01 1.980608219785008623e+04 -1.000000000000000000e+00 5.890331060917333161e+03 1.495579503441148518e+03 2.289210559676056675e+02
2.253574373239229933e-01 1.275144980312105690e+04 -1.000000000000000000e+00 3.887173770950767903e+03 1.075216708601582923e+03 1.703400669634785629e+02
2.837082045838980049e-01 8.110766691669507964e+03 -1.000000000000000000e+00 2.536243529995845620e+03 7.504335781528398002e+02 1.273176425011633341e+02
3.571674682851676552e-01 5.034537671300078728e+03 -1.000000000000000000e+00 1.581269068192502345e+03 5.338197436458364109e+02 9.269586534523702426e+01
4.496472020903848343e-01 3.102755846937524439e+03 -1.000000000000000000e+00 1.033169785975067953e+03 3.749292078934579990e+02 6.546268709235800998e+01
5.660722890537328578e-01 1.879441410675193083e+03 -1.000000000000000000e+00 6.378400711644212606e+02 2.615434566453404841e+02 4.503476020274541725e+01
7.126427896022373698e-01 1.096918914935446992e+03 -1.000000000000000000e+00 3.834733938057954674e+02 1.778817047742432180e+02 2.994964990757998891e+01
8.971641173621407450e-01 6.223969692351980711e+02 -1.000000000000000000e+00 2.243970516169238181e+02 1.174015017301007049e+02 1.963874805349661301e+01
1.129462705897083641e+00 3.553134510473153114e+02 -1.000000000000000000e+00 1.234453287754664217e+02 7.468478818872141289e+01 1.211329231332649670e+01
1.421909302127640773e+00 1.958778079239972953e+02 1.021651435374127637e+01 6.371852263870901822e+01 4.504162775999524371e+01 7.395417061936145231e+00
1.790077753714996778e+00 7.446280657136959746e+01 2.148629519956877587e+01 3.174897429216031242e+01 2.526160676453402232e+01 4.456581987349824914e+00
2.253574373239230155e+00 2.439581107071492738e+01 2.294841868189586975e+01 1.467743026435599063e+01 1.306710789215818203e+01 2.742640840732287089e+00
2.837082045838980271e+00 1.240783364426255453e+01 2.653547215577395946e+01 7.720937370788265142e+00 6.748737746847430330e+00 1.779097961358877988e+00
3.571674682851676330e+00 7.871789842433823736e+00 1.810828369959353878e+01 4.818363682442528884e+00 3.845168864666348441e+00 1.209096532444423833e+00
4.496472020903849121e+00 5.821853927885388025e+00 1.797630702969978955e+01 3.438629801584093038e+00 2.441892215120387455e+00 8.428115095591015571e-01
5.660722890537329022e+00 4.073245543295496596e+00 1.126611429724699143e+01 2.393205446628342781e+00 1.663926916172615122e+00 5.941257266523207736e-01
7.126427896022375919e+00 2.821213182050667179e+00 8.978745331930898743e+00 1.683762908806768710e+00 1.143081586377113101e+00 4.177296384856814537e-01
8.971641173621408782e+00 1.883808906680235484e+00 5.273851583941096877e+00 1.138829082834796225e+00 7.767181303113601665e-01 2.884047909293163681e-01
1.129462705897083730e+01 1.292987972182407574e+00 3.968335223762703201e+00 7.796729439178489152e-01 5.235129679102241695e-01 1.953827946675763538e-01
1.421909302127640728e+01 8.240005088688027168e-01 2.123799247516942934e+00 5.072045113301966168e-01 3.429867823713701469e-01 1.297005487046662964e-01
1.790077753714997399e+01 5.445316016273684667e-01 1.377925717354391288e+00 3.327065493132941310e-01 2.192760488965710408e-01 8.329566772304852762e-02
2.253574373239231221e+01 3.436180380959867886e-01 9.243258776158669310e-01 2.122121232366545041e-01 1.358100359451535066e-01 5.168667440585150707e-02
2.837082045838980804e+01 1.965411720322858269e-01 4.911517228972999138e-01 1.230977649139051167e-01 7.947478191584700369e-02 3.064069596448848465e-02
3.571674682851676152e+01 1.124336644052401635e-01 3.067942907888687731e-01 7.041778125696374069e-02 4.434127798455977931e-02 1.709951358975825286e-02
4.496472020903848943e+01 5.286860160024042798e-02 1.059462676374562928e-01 3.487351495957891068e-02 2.194862509221651159e-02 8.434657241328746835e-03
5.660722890537330443e+01 2.120541585180735211e-02 4.235306060735588574e-02 1.313975188149085760e-02 8.991255092026140261e-03 3.492650894766136105e-03
7.126427896022379116e+01 5.835852995283996592e-03 6.695031298991738211e-03 3.369789613839158093e-03 3.036042200377453426e-03 1.110672487807828901e-03
8.971641173621409848e+01 4.164749010357793324e-03 5.959633331140468115e-03 2.268446257786660425e-03 1.981409990942095689e-03 7.688825089211537289e-04
