1.129462705897083669e-01 3.973471465802309103e+04 -1.000000000000000000e+00 1.227109225422986492e+04 3.108366839814724244e+03 3.524280931397804579e+02
1.421909302127640218e-01 2.714924588380905334e+04 -1.000000000000000000e+00 8.351864326956341756e+03 2.148616975248840390e+03 2.854647714240441019e+02
1.790077753714996445e-01 1.947247712436809161e+04 -1.000000000000000000e+00 5.914182496467387864e+03 1.508760914794472683e+03 2.275538702815452723e+02
2.253574373239229933e-01 1.232955137175370146e+04 -1.000000000000000000e+00 3.951818602406608079e+03 1.060523860868947622e+03 1.719178669907680330e+02
2.837082045838980049e-01 8.165577975390908250e+03 -1.000000000000000000e+00 2.572279514503099563e+03 7.370891382385337920e+02 1.274351288097533370e+02
3.571674682851676552e-01 5.125334646499185510e+03 -1.000000000000000000e+00 1.607071391985833998e+03 5.195481573431941342e+02 9.364251698678950220e+01
4.496472020903848343e-01 3.106411035809771874e+03 -1.000000000000000000e+00 1.003275800448472864e+03 3.685916038101713639e+02 6.600523964005073196e+01
5.660722890537328578e-01 1.851492203514886114e+03 -1.000000000000000000e+00 6.298570969725966506e+02 2.548294260013923349e+02 4.534479498037966749e+01
7.126427896022373698e-01 1.073378703327313815e+03 -1.000000000000000000e+00 3.820361902025553036e+02 1.728751327202517700e+02 3.022649264854762663e+01
8.971641173621407450e-01 6.168639752773040072e+02 -1.000000000000000000e+00 2.203390764873164471e+02 1.140000036665661298e+02 1.943726755198429501e+01
1.129462705897083641e+00 3.560405004213590132e+02 -1.000000000000000000e+00 1.227163413809961554e+02 7.201364655414245419e+01 1.206344713544903335e+01
1.421909302127640773e+00 1.895466854547860578e+02 1.032118032076124337e+01 6.369906344719241531e+01 4.300604699455868740e+01 7.300299702673681779e+00
1.790077753714996778e+00 7.172092412835407060e+01 2.169612418543141530e+01 3.094770063309444552e+01 2.384053953957493377e+01 4.400572347434706266e+00
2.253574373239230155e+00 2.399386673367033040e+01 2.317189135093440910e+01 1.446755105289538612e+01 1.239173723184675424e+01 2.728503752487773770e+00
2.837082045838980271e+00 1.198661838725763928e+01 2.322928671542767631e+01 7.735512326779010905e+00 6.414167515338704106e+00 1.765810711727766602e+00
3.571674682851676330e+00 8.218400736833151754e+00 2.542977292480507856e+01 5.012730028591327880e+00 3.711230121877204802e+00 1.207655040172059824e+00
4.496472020903849121e+00 5.961521434594862612e+00 1.851139001021923036e+01 3.522621743177622555e+00 2.404852527450185296e+00 8.489055778196918922e-01
5.660722890537329022e+00 3.976049240653328987e+00 1.039371712933452230e+01 2.395784584832083119e+00 1.631291068473955441e+00 5.946015873706529398e-01
7.126427896022375919e+00 2.656657341149096130e+00 7.498132854330346930e+00 1.668345815697192425e+00 1.115496047512607003e+00 4.165442896745867873e-01
8.971641173621408782e+00 1.874246880208484178e+00 5.895775889181030571e+00 1.139847515769830899e+00 7.695217916038454842e-01 2.885091035293900763e-01
1.129462705897083730e+01 1.281927981907126313e+00 3.529039253223932526e+00 7.675225710680808611e-01 5.161114045379020521e-01 1.943777268136506198e-01
1.421909302127640728e+01 8.142624092598893526e-01 2.379372325747228789e+00 5.035227058694813351e-01 3.378446151421943267e-01 1.288179852374116141e-01
1.790077753714997399e+01 5.387986859928235450e-01 1.431322303364333415e+00 3.273440915985981192e-01 2.199202568117766265e-01 8.348674991196070039e-02
2.253574373239231221e+01 3.437448732438668220e-01 9.493919436547679780e-01 2.091883351408101444e-01 1.343936425910006172e-01 5.136700761232249057e-02
2.837082045838980804e+01 1.961342642919026158e-01 5.228819326726186212e-01 1.253504015729940413e-01 7.772921948023592265e-02 3.007673908973562682e-02
3.571674682851676152e+01 1.100797065054452961e-01 2.847012596016733621e-01 7.051911740292693409e-02 4.202780202258127318e-02 1.634137697845172710e-02
4.496472020903848943e+01 4.854774670759964827e-02 1.030200481006500191e-01 3.327944783619862790e-02 2.020213598318609804e-02 8.320232568506336079e-03
5.660722890537330443e+01 2.552597879212004095e-02 6.140997919020785289e-02 1.547750966790628624e-02 1.058875765835964877e-02 3.951535929062943708e-03
7.126427896022379116e+01 7.322948295531706009e-03 1.456015727571280394e-02 4.695888009929261031e-03 3.591433547254885283e-03 1.266768599403222950e-03
8.971641173621409848e+01 3.417586870438915625e-03 -2.118130232595882845e-03 2.100085296722120631e-03 2.061442675231006660e-03 7.809454752027988889e-04
