1.129462705897083669e-01 4.540047704824967514e+04 -1.000000000000000000e+00 1.231890744261590407e+04 3.092394554340779450e+03 3.545049755513414880e+02
1.421909302127640218e-01 3.096023240664855621e+04 -1.000000000000000000e+00 8.993633532685011232e+03 2.166051953908966880e+03 2.850340513066291805e+02
1.790077753714996445e-01 2.151335786069557071e+04 -1.000000000000000000e+00 6.322177422158767513e+03 1.524674528876796785e+03 2.245136810585951537e+02
2.253574373239229933e-01 1.390265626502410123e+04 -1.000000000000000000e+00 4.083141298481369176e+03 1.066250858040415778e+03 1.707187389700280562e+02
2.837082045838980049e-01 8.807856893806283551e+03 -1.000000000000000000e+00 2.817055666983945230e+03 7.355045319539491402e+02 1.265313879744456358e+02
3.571674682851676552e-01 5.659505643328310725e+03 -1.000000000000000000e+00 1.764134111921648810e+03 5.261514539016047820e+02 9.292460174666477712e+01
4.496472020903848343e-01 3.438030319123541631e+03 -1.000000000000000000e+00 1.118505264927579674e+03 3.732832080210475283e+02 6.516870987509354052e+01
5.660722890537328578e-01 2.036620382906137138e+03 -1.000000000000000000e+00 6.872558176885896728e+02 2.588828487969005892e+02 4.512748620045987735e+01
7.126427896022373698e-01 1.207699720855353462e+03 -1.000000000000000000e+00 4.070127115744604680e+02 1.773151143760369166e+02 2.981621797887467906e+01
8.971641173621407450e-01 6.914887569660490954e+02 -1.000000000000000000e+00 2.403629327650000107e+02 1.167415661292098434e+02 1.931823687272205348e+01
1.129462705897083641e+00 3.896931644101579764e+02 -1.000000000000000000e+00 1.323861505119664912e+02 7.408948505934331763e+01 1.209094792324349577e+01
1.421909302127640773e+00 2.135191598443967962e+02 1.553458099232058132e+01 6.734936927612623947e+01 4.430267972389678732e+01 7.372050495566384143e+00
1.790077753714996778e+00 7.412767744938088299e+01 3.490999059581806563e+01 3.333689768487781890e+01 2.462814252165522078e+01 4.460233812274434051e+00
2.253574373239230155e+00 2.402513973673590542e+01 3.222639171624499710e+01 1.547435196783614231e+01 1.269507888782789173e+01 2.753414960918635135e+00
2.837082045838980271e+00 1.142668349997688892e+01 2.120352446357465226e+01 7.786171674253440145e+00 6.492068419276915137e+00 1.775636633959649657e+00
3.571674682851676330e+00 7.699417756658414547e+00 1.743095372317952396e+01 4.918390845854939464e+00 3.705773555159267652e+00 1.211040791856559551e+00
4.496472020903849121e+00 5.689322298833435099e+00 1.660326848439422420e+01 3.489140500164500835e+00 2.421563035874133796e+00 8.487517789280343283e-01
5.660722890537329022e+00 3.972512279141996672e+00 1.192806879509675255e+01 2.395358214453039647e+00 1.651547086324663294e+00 5.965374558996243692e-01
7.126427896022375919e+00 2.695389133363719214e+00 8.062380326759607030e+00 1.687945735972049111e+00 1.132288881548492387e+00 4.198216401456711377e-01
8.971641173621408782e+00 1.883104172333825321e+00 5.297292060750980802e+00 1.155076180209476444e+00 7.760370874901301175e-01 2.904030202436058694e-01
1.129462705897083730e+01 1.199166249229306924e+00 3.068868582892620545e+00 7.498337786234787750e-01 5.211034463059445176e-01 1.970584448822141344e-01
1.421909302127640728e+01 7.967701299567291340e-01 1.943155416633060906e+00 4.959432847319409365e-01 3.415853985557071315e-01 1.300046371075611606e-01
1.790077753714997399e+01 5.014893360987822124e-01 1.254042486629804554e+00 3.133035077568175897e-01 2.144061898731002280e-01 8.292042922008091566e-02
2.253574373239231221e+01 2.982584085600821222e-01 5.837913384743436129e-01 1.887783563769105388e-01 1.317055900402706037e-01 5.123387735401996324e-02
2.837082045838980804e+01 1.698981971589452744e-01 3.537211321385693719e-01 1.089381054255154080e-01 7.706739840517840001e-02 2.981698589885151129e-02
3.571674682851676152e+01 9.699929485377967175e-02 2.167906995736814668e-01 5.894513132992806881e-02 4.212127999968284797e-02 1.618247878275691498e-02
4.496472020903848943e+01 5.024356362582538260e-02 1.288749502318944362e-01 3.060422655230499167e-02 2.141056967252752408e-02 8.242652094374802729e-03
5.660722890537330443e+01 2.251729167653704344e-02 3.677870627704726836e-02 1.329524400767367887e-02 1.007463685377185669e-02 3.757866020977607135e-03
7.126427896022379116e+01 7.235711848100789823e-03 1.021461855061689405e-02 4.054539656168421047e-03 3.781296832629399418e-03 1.509989773113229461e-03
8.971641173621409848e+01 4.284675649289804156e-03 1.186731942018326436e-02 2.819814122242414456e-03 2.073412651989459121e-03 8.421578951007813174e-04
