1.129462705897083669e-01 4.009577425213762035e+04 -1.000000000000000000e+00 1.233071308494295045e+04 3.131929490744621944e+03 3.488472613957097224e+02
1.421909302127640218e-01 2.827308488183798545e+04 -1.000000000000000000e+00 8.878124386127836260e+03 2.164936820237363463e+03 2.885157055890664992e+02
1.790077753714996445e-01 1.785265631659470819e+04 -1.000000000000000000e+00 5.723111047424084973e+03 1.480873139209078317e+03 2.239380239276223392e+02
2.253574373239229933e-01 1.257302152405836750e+04 -1.000000000000000000e+00 3.971393339670725709e+03 1.056352236190651183e+03 1.688434109375925800e+02
2.837082045838980049e-01 8.011988797236004757e+03 -1.000000000000000000e+00 2.519687471658976392e+03 7.416664832449664573e+02 1.264545700034444735e+02
3.571674682851676552e-01 4.998351134703058051e+03 -1.000000000000000000e+00 1.594344056926614940e+03 5.197093482122547812e+02 9.224065725922734771e+01
4.496472020903848343e-01 3.047608382737813372e+03 -1.000000000000000000e+00 1.026659691455703978e+03 3.644947671045532616e+02 6.514033369582091382e+01
5.660722890537328578e-01 1.812904774010714846e+03 -1.000000000000000000e+00 6.178724254172300334e+02 2.547286945231749655e+02 4.501314309898376109e+01
7.126427896022373698e-01 1.084956780479179542e+03 -1.000000000000000000e+00 3.851300394161424947e+02 1.739389251346442506e+02 2.984472907475188208e+01
8.971641173621407450e-01 6.146973758541553252e+02 2.149331440821632100e+01 2.206717957922018343e+02 1.146235071126736358e+02 1.927636893871984825e+01
1.129462705897083641e+00 3.452665675097701978e+02 -1.000000000000000000e+00 1.194331011763378143e+02 7.287898804449059753e+01 1.200393371186257774e+01
1.421909302127640773e+00 1.887550524236575598e+02 4.650065126167745255e+00 6.338255228497814642e+01 4.361518031542082241e+01 7.229266776643337167e+00
1.790077753714996778e+00 7.120957973472404490e+01 3.864436714557120212e+01 3.016143246016657287e+01 2.441694562914476307e+01 4.354492793028867048e+00
2.253574373239230155e+00 2.436370213820953978e+01 3.590003701167215411e+01 1.461055788772895703e+01 1.285402931586569863e+01 2.697317407948378154e+00
2.837082045838980271e+00 1.238612463223675242e+01 2.745204226249842350e+01 7.896807665794938202e+00 6.857551429460317038e+00 1.756059348114796581e+00
3.571674682851676330e+00 8.545133957093295152e+00 2.538063065228743298e+01 5.017470655723762718e+00 4.042793366256119292e+00 1.196506971498513927e+00
4.496472020903849121e+00 5.640674350383296343e+00 1.347233052885112059e+01 3.397275660481687609e+00 2.491935620646592575e+00 8.381231972196774294e-01
5.660722890537329022e+00 3.957391369022293937e+00 1.261121962824632803e+01 2.414067739997715289e+00 1.643025625833833381e+00 5.897627693549523098e-01
7.126427896022375919e+00 2.636539251799403960e+00 8.110652703224479509e+00 1.637867131731277848e+00 1.114078245594820604e+00 4.121205080382799313e-01
8.971641173621408782e+00 1.902258857314781615e+00 5.523061178382740799e+00 1.145312426771053715e+00 7.731746755685862116e-01 2.857334595566056734e-01
1.129462705897083730e+01 1.292310227357359675e+00 3.768632135882292289e+00 7.692456516211967354e-01 5.193417349306306274e-01 1.940944114060596526e-01
1.421909302127640728e+01 8.183889072745578197e-01 2.220537121915612033e+00 5.020032193322736536e-01 3.367024817744290743e-01 1.287410119630951755e-01
1.790077753714997399e+01 5.321252279498618343e-01 1.455119022515009686e+00 3.295925172101452638e-01 2.156151805035124713e-01 8.286879997114682261e-02
2.253574373239231221e+01 3.162551525682932851e-01 8.166172067284740432e-01 2.009541294140728684e-01 1.304921925417090733e-01 5.122502364186676260e-02
2.837082045838980804e+01 1.830388384777061894e-01 4.773722944802332169e-01 1.185111417627164876e-01 7.501420736834107927e-02 2.949345119851543018e-02
3.571674682851676152e+01 1.065074425214775911e-01 2.648442912745374578e-01 6.779823601378676123e-02 4.105669228608754828e-02 1.572817771584400504e-02
4.496472020903848943e+01 5.203356790919433372e-02 1.484955634500613186e-01 3.327872029011880173e-02 1.990798503551993726e-02 7.693019689953617402e-03
5.660722890537330443e+01 2.252153005256674057e-02 6.785390833445426040e-02 1.446879297802694531e-02 8.808569752042805234e-03 3.446791915749258806e-03
7.126427896022379116e+01 7.820485188892112305e-03 2.443230839311194558e-02 5.094060552215839976e-03 3.468389747131039869e-03 1.344508236421404490e-03
8.971641173621409848e+01 4.958891257676567577e-03 1.548317227333639856e-02 3.041830030050762801e-03 2.054955034259675628e-03 7.184176448391532688e-04
