1.129462705897083669e-01 4.297844351154393371e+04 -1.000000000000000000e+00 1.330411931857809759e+04 3.169457255574857754e+03 3.574412575814794764e+02
1.421909302127640218e-01 3.102173105743580891e+04 -1.000000000000000000e+00 9.398544283271905442e+03 2.162248176584022076e+03 2.904539461174337021e+02
1.790077753714996445e-01 2.169247097859771020e+04 -1.000000000000000000e+00 6.267205588652540428e+03 1.495579503441148518e+03 2.289210559676056675e+02
2.253574373239229933e-01 1.388233428808559802e+04 -1.000000000000000000e+00 4.225740689594510513e+03 1.075216708601582923e+03 1.703400669634785629e+02
2.837082045838980049e-01 8.901714061740180114e+03 -1.000000000000000000e+00 2.696105054765031582e+03 7.504335781528398002e+02 1.273176425011633341e+02
3.571674682851676552e-01 5.563392434892087294e+03 -1.000000000000000000e+00 1.712416122500961592e+03 5.338197436458364109e+02 9.269586534523702426e+01
4.496472020903848343e-01 3.412673650532908141e+03 -1.000000000000000000e+00 1.132773123279391029e+03 3.749292078934579990e+02 6.546268709235800998e+01
5.660722890537328578e-01 2.066200721105843058e+03 -1.000000000000000000e+00 6.955178178218214953e+02 2.615434566453404841e+02 4.503476020274541725e+01
7.126427896022373698e-01 1.215013042044653730e+03 -1.000000000000000000e+00 4.238760646776634644e+02 1.778817047742432180e+02 2.994964990757998891e+01
8.971641173621407450e-01 6.859065800420011101e+02 -1.000000000000000000e+00 2.452111885724021931e+02 1.174015017301007049e+02 1.963874805349661301e+01
1.129462705897083641e+00 3.826088637612998014e+02 -1.000000000000000000e+00 1.332543156773542989e+02 7.468478818872141289e+01 1.211329231332649670e+01
1.421909302127640773e+00 2.150733941965870315e+02 1.021651435374127637e+01 6.835090182133282610e+01 4.504162775999524371e+01 7.395417061936145231e+00
1.790077753714996778e+00 7.521010674220423198e+01 2.710786899946096895e+01 3.370445533229582225e+01 2.526160676453402232e+01 4.456581987349824914e+00
2.253574373239230155e+00 2.426490482808237559e+01 2.999207123539465414e+01 1.528150492446245678e+01 1.306710789215818203e+01 2.742640840732287089e+00
2.837082045838980271e+00 1.232400051287257625e+01 2.724150990335790823e+01 7.910270573308194386e+00 6.748737746847430330e+00 1.779097961358877988e+00
3.571674682851676330e+00 7.924766658130431907e+00 1.669285527740142427e+01 4.940111118524102451e+00 3.845168864666348441e+00 1.209096532444423833e+00
4.496472020903849121e+00 5.699168593522665915e+00 1.850835302118670000e+01 3.474298564267398248e+00 2.441892215120387455e+00 8.428115095591015571e-01
5.660722890537329022e+00 3.979865888080171388e+00 1.188830850073053291e+01 2.420301620009305044e+00 1.663926916172615122e+00 5.941257266523207736e-01
7.126427896022375919e+00 2.789706082899817474e+00 8.488717659380720093e+00 1.691708203915462505e+00 1.143081586377113101e+00 4.177296384856814537e-01
8.971641173621408782e+00 1.904498516734357771e+00 5.765042811153567648e+00 1.150238731857880392e+00 7.767181303113601665e-01 2.884047909293163681e-01
1.129462705897083730e+01 1.268985339414872016e+00 3.520737455856153275e+00 7.735299420196970477e-01 5.235129679102241695e-01 1.953827946675763538e-01
1.421909302127640728e+01 8.272432021757862852e-01 2.135015761870684425e+00 5.057289602276151541e-01 3.429867823713701469e-01 1.297005487046662964e-01
1.790077753714997399e+01 5.360863841627905302e-01 1.377925717354391288e+00 3.314337089271695014e-01 2.192760488965710408e-01 8.329566772304852762e-02
2.253574373239231221e+01 3.310510388032616991e-01 8.271234723775837683e-01 2.047761245445474110e-01 1.358100359451535066e-01 5.168667440585150707e-02
2.837082045838980804e+01 1.864538593748177320e-01 4.622041752463579289e-01 1.184215920441205050e-01 7.947478191584700369e-02 3.064069596448848465e-02
3.571674682851676152e+01 1.077698778371904975e-01 2.852090073504389700e-01 6.810413237054602220e-02 4.434127798455977931e-02 1.709951358975825286e-02
4.496472020903848943e+01 5.445618644938199360e-02 1.433668357053690112e-01 3.437078730440101815e-02 2.194862509221651159e-02 8.434657241328746835e-03
5.660722890537330443e+01 1.975699874277947465e-02 3.906431981751423699e-02 1.230584184843430684e-02 8.991255092026140261e-03 3.492650894766136105e-03
7.126427896022379116e+01 4.871781757033177840e-03 2.284782246040117926e-03 3.251286382537132980e-03 3.036042200377453426e-03 1.110672487807828901e-03
8.971641173621409848e+01 4.294995580614857644e-03 6.361517062496213626e-03 2.205693188159774110e-03 1.981409990942095689e-03 7.688825089211537289e-04
