1.129462705897083669e-01 4.208784973535450263e+04 -1.000000000000000000e+00 1.286725708658231451e+04 3.085562536397464100e+03 3.468419956190301150e+02
1.421909302127640218e-01 2.742911395685359821e+04 -1.000000000000000000e+00 8.318009307990323578e+03 2.151812849258775259e+03 2.812652502792485620e+02
1.790077753714996445e-01 2.015673961498105928e+04 -1.000000000000000000e+00 5.904412832184042600e+03 1.531902699620722842e+03 2.229126346630770570e+02
2.253574373239229933e-01 1.272325012938611690e+04 -1.000000000000000000e+00 3.925267338464059321e+03 1.060470967458793893e+03 1.705834989676889393e+02
2.837082045838980049e-01 8.306919058486377253e+03 -1.000000000000000000e+00 2.512340475848629012e+03 7.465432404158443660e+02 1.277830690313467983e+02
3.571674682851676552e-01 5.121118700796202575e+03 -1.000000000000000000e+00 1.576425354946057723e+03 5.230067780234945758e+02 9.188962614812534468e+01
4.496472020903848343e-01 3.152688103888005571e+03 -1.000000000000000000e+00 1.034552361766167678e+03 3.687370414875470033e+02 6.502455888438858267e+01
5.660722890537328578e-01 1.826635773581661851e+03 -1.000000000000000000e+00 6.266534039084564256e+02 2.558799817904258589e+02 4.493918984927284299e+01
7.126427896022373698e-01 1.070787938955360914e+03 -1.000000000000000000e+00 3.799399188867273551e+02 1.734697698149264227e+02 2.990203637746505905e+01
8.971641173621407450e-01 6.098905360144518681e+02 -1.000000000000000000e+00 2.175306509137427327e+02 1.140849174529391377e+02 1.926465163295813809e+01
1.129462705897083641e+00 3.510695360318770781e+02 -1.000000000000000000e+00 1.228244423477424618e+02 7.202404106130035188e+01 1.203623281419409530e+01
1.421909302127640773e+00 1.895600955027391308e+02 1.070403254543244920e+01 6.310274942376504725e+01 4.328296937892963570e+01 7.295238741294056695e+00
1.790077753714996778e+00 7.286472418356704850e+01 2.539660262177988770e+01 3.047011204850849353e+01 2.410312088925414642e+01 4.402326302755638743e+00
2.253574373239230155e+00 2.481290017480952770e+01 4.309880081722742773e+01 1.501269067059260820e+01 1.248410126017654775e+01 2.705503936089971528e+00
2.837082045838980271e+00 1.235454194103038006e+01 2.625883238503519124e+01 7.871042753957203431e+00 6.418240933868338161e+00 1.768131066322419453e+00
3.571674682851676330e+00 8.630591889844941633e+00 2.373889673682899826e+01 5.056856138252298294e+00 3.741076709849884274e+00 1.201257215082620178e+00
4.496472020903849121e+00 5.589181200879845157e+00 1.602524430006015521e+01 3.389238755757723709e+00 2.401963492039538739e+00 8.425152622474954001e-01
5.660722890537329022e+00 3.914439865111051908e+00 1.068627414852752189e+01 2.406096431786478362e+00 1.638551548365563271e+00 5.956545678723061954e-01
7.126427896022375919e+00 2.728975415040185482e+00 7.553096030091385416e+00 1.690006834290327831e+00 1.118512710507374663e+00 4.158279483906721641e-01
8.971641173621408782e+00 1.848366995676879565e+00 5.360161918193951713e+00 1.120223321221732515e+00 7.635747965621397793e-01 2.866778458222047909e-01
1.129462705897083730e+01 1.258295692572256819e+00 3.448673171038961982e+00 7.587581932717653022e-01 5.150182115652182091e-01 1.948417309910472905e-01
1.421909302127640728e+01 8.207644827733548976e-01 2.318093226630097092e+00 5.072334686464587961e-01 3.375589644315504234e-01 1.283557866580822271e-01
1.790077753714997399e+01 5.302224610041577080e-01 1.358096500878996693e+00 3.307989460069931109e-01 2.170497123407584272e-01 8.271701537606612753e-02
2.253574373239231221e+01 3.270031962814272664e-01 8.830187948956100819e-01 2.069567868264765576e-01 1.349313951870991790e-01 5.134743838398403426e-02
2.837082045838980804e+01 1.910980437689409062e-01 4.218796352194056354e-01 1.177632466814355627e-01 7.935942995269895661e-02 3.014867234152185382e-02
3.571674682851676152e+01 1.082708805474925651e-01 2.679607670786676721e-01 6.553756774858521261e-02 4.505293239956809082e-02 1.692342619320363895e-02
4.496472020903848943e+01 5.453815803950323726e-02 1.238511808072311204e-01 3.403420854715721866e-02 2.313731597897805692e-02 8.611244475036805568e-03
5.660722890537330443e+01 2.657714869420124693e-02 5.992651562993800418e-02 1.630695777749280317e-02 1.068746226107730735e-02 3.992592782253279182e-03
7.126427896022379116e+01 1.026731125931990007e-02 1.828326975642191599e-02 6.772055184478320555e-03 4.599773358353376196e-03 1.843527255898980144e-03
8.971641173621409848e+01 7.766834667694899608e-03 2.352012290115479409e-02 4.676853361157196076e-03 3.471991900120707797e-03 1.169976530745353571e-03
