1.129462705897083669e-01 4.236507471036365314e+04 -1.000000000000000000e+00 1.258224582363396621e+04 3.160091447289396456e+03 3.463406791748602132e+02
1.421909302127640218e-01 3.000357060646187529e+04 -1.000000000000000000e+00 8.334444930448671585e+03 2.175748386011168350e+03 2.872235452368217352e+02
1.790077753714996445e-01 1.939666777257751892e+04 -1.000000000000000000e+00 5.968550302522753555e+03 1.530071291261071337e+03 2.213655561235876519e+02
2.253574373239229933e-01 1.272031645875349568e+04 -1.000000000000000000e+00 3.864008665990932968e+03 1.075058769704589622e+03 1.701507309602038447e+02
2.837082045838980049e-01 8.335412810395355336e+03 -1.000000000000000000e+00 2.503199527669254167e+03 7.559295805283716163e+02 1.268612533793329504e+02
3.571674682851676552e-01 5.152451155626738910e+03 -1.000000000000000000e+00 1.594249493362964131e+03 5.273219750772983616e+02 9.222027480761497031e+01
4.496472020903848343e-01 3.155351538137051193e+03 -1.000000000000000000e+00 9.813491307559266943e+02 3.762543586402974825e+02 6.552624973392870800e+01
5.660722890537328578e-01 1.875698498602704149e+03 -1.000000000000000000e+00 6.355914260705654897e+02 2.608457974081086945e+02 4.493862097812122158e+01
7.126427896022373698e-01 1.090534184117428367e+03 -1.000000000000000000e+00 3.895028021506906839e+02 1.774468319798111509e+02 3.007509872943968077e+01
8.971641173621407450e-01 6.278285758144871807e+02 -1.000000000000000000e+00 2.268258382901546781e+02 1.167805257485145063e+02 1.941569056210602540e+01
1.129462705897083641e+00 3.527148487065666131e+02 -1.000000000000000000e+00 1.228933078675679695e+02 7.394049550417734906e+01 1.210032970241296013e+01
1.421909302127640773e+00 1.956580322383003931e+02 1.582477153061191544e+01 6.445629818999978511e+01 4.412434667285925372e+01 7.332352458077975754e+00
1.790077753714996778e+00 7.463929763076517077e+01 3.554022969929926035e+01 3.114810829982776852e+01 2.442207396995294033e+01 4.422582238051743886e+00
2.253574373239230155e+00 2.491163829709515554e+01 2.999207123539465414e+01 1.494293800581871423e+01 1.261873040272337221e+01 2.746283304795286817e+00
2.837082045838980271e+00 1.249678900253518243e+01 3.783207611711712559e+01 8.171050267345078666e+00 6.499639247300260436e+00 1.773350169646321195e+00
3.571674682851676330e+00 8.202787045055936588e+00 2.341614028281396642e+01 5.114675457023416527e+00 3.689648281780554484e+00 1.208866663684573073e+00
4.496472020903849121e+00 5.774072326628234997e+00 1.762160970204184807e+01 3.475644555312051409e+00 2.386547847225298558e+00 8.419647643696062111e-01
5.660722890537329022e+00 3.948785809846738104e+00 1.055503520755151214e+01 2.417153516877907027e+00 1.632347144758474311e+00 5.954492053865705348e-01
7.126427896022375919e+00 2.727358147154724133e+00 7.909594046366873243e+00 1.673112832384477056e+00 1.125995395794772591e+00 4.162356570617160578e-01
8.971641173621408782e+00 1.884901628949706698e+00 5.340832205833706325e+00 1.157525091877573242e+00 7.714426038776955874e-01 2.883572786833923374e-01
1.129462705897083730e+01 1.273646009456180561e+00 3.990715112158031097e+00 7.672595506812607269e-01 5.186119731293539203e-01 1.949419942798813477e-01
1.421909302127640728e+01 8.237365658392632461e-01 2.454686420952310488e+00 5.208391710377051620e-01 3.386085136084924230e-01 1.286563934066946580e-01
1.790077753714997399e+01 5.352086119589929414e-01 1.524086636151587903e+00 3.303919708457883075e-01 2.161689803869109028e-01 8.256355777744839308e-02
2.253574373239231221e+01 3.429114654863809619e-01 9.539092183405617487e-01 2.117915874850759828e-01 1.344883668075647076e-01 5.132992931168134376e-02
2.837082045838980804e+01 2.043228376747117103e-01 5.525770069371034321e-01 1.269326553460776719e-01 8.024429419924983264e-02 3.076746143210495887e-02
3.571674682851676152e+01 1.130413394910190217e-01 2.965324347279758577e-01 7.100548119657812407e-02 4.498249573912826982e-02 1.733905835233273685e-02
4.496472020903848943e+01 6.397562018052838084e-02 1.609243534244368945e-01 3.976619240689260870e-02 2.454225671370324768e-02 9.211070367926232905e-03
5.660722890537330443e+01 3.097915073641610562e-02 5.950784364625927303e-02 1.917151748124945598e-02 1.237060919839216844e-02 4.704877204506630051e-03
7.126427896022379116e+01 1.376817953195241806e-02 3.084003116464595351e-02 8.218899013012981314e-03 5.536926056512792016e-03 1.997846270888503639e-03
8.971641173621409848e+01 6.774198971303935224e-03 2.315132628357696731e-02 4.553030782720846048e-03 2.590987160191682293e-03 1.028057166382545518e-03
