1.129462705897083669e-01 4.560675373629765090e+04 -1.000000000000000000e+00 1.314400774579480458e+04 3.052979029164378971e+03 3.462690625399788473e+02
1.421909302127640218e-01 3.182865291113873536e+04 -1.000000000000000000e+00 9.706669213895100256e+03 2.139108677882618849e+03 2.858954915414590232e+02
1.790077753714996445e-01 2.117684431005193255e+04 -1.000000000000000000e+00 6.113718614449645429e+03 1.528151027394509356e+03 2.249634131921676499e+02
2.253574373239229933e-01 1.419978648070691816e+04 -1.000000000000000000e+00 4.190711674604636755e+03 1.062266950879401520e+03 1.715301789840626157e+02
2.837082045838980049e-01 9.009061402376733895e+03 -1.000000000000000000e+00 2.818939321355807806e+03 7.426697363595466186e+02 1.272860115719275598e+02
3.571674682851676552e-01 5.546867878630754603e+03 -1.000000000000000000e+00 1.774072963591409462e+03 5.208804048794945629e+02 9.251468799757148531e+01
4.496472020903848343e-01 3.381422556604726651e+03 -1.000000000000000000e+00 1.133915355179990229e+03 3.660788098997074940e+02 6.553192496978323334e+01
5.660722890537328578e-01 2.054428174224649410e+03 -1.000000000000000000e+00 6.846364556539301702e+02 2.542809908376344197e+02 4.491131516284333713e+01
7.126427896022373698e-01 1.184618848653467012e+03 -1.000000000000000000e+00 4.166879843137105013e+02 1.721190728360931530e+02 3.001893187056159107e+01
8.971641173621407450e-01 6.831165972813701046e+02 -1.000000000000000000e+00 2.407205096632165180e+02 1.133242457633172080e+02 1.931223532586849245e+01
1.129462705897083641e+00 3.768596594539056355e+02 -1.000000000000000000e+00 1.317290511845657193e+02 7.132864711774742261e+01 1.201310064112739795e+01
1.421909302127640773e+00 2.108002395174261778e+02 1.030613856287794228e+01 6.808612720086742343e+01 4.267871300146315150e+01 7.309847331943045035e+00
1.790077753714996778e+00 7.372004050618127735e+01 4.149869232001573494e+01 3.260418040655519434e+01 2.360865432685623588e+01 4.417725131009160755e+00
2.253574373239230155e+00 2.430428208290568648e+01 3.875963046840443837e+01 1.507448971247229252e+01 1.217678389963781882e+01 2.729351256502432044e+00
2.837082045838980271e+00 1.209223062775263635e+01 3.102556657866438172e+01 7.917105421584590630e+00 6.288679117222175208e+00 1.768725275921633866e+00
3.571674682851676330e+00 7.947049371987287003e+00 2.040107349187573504e+01 4.997499689136948753e+00 3.633773537947614152e+00 1.204612393089701250e+00
4.496472020903849121e+00 5.277437838875432163e+00 1.258619677205971144e+01 3.418489668172459695e+00 2.345422037571873730e+00 8.419057419167192968e-01
5.660722890537329022e+00 3.640211490975820752e+00 9.034652343143319442e+00 2.342957463646881067e+00 1.604913416820780370e+00 5.915262699249819178e-01
7.126427896022375919e+00 2.618996140755870172e+00 7.576649757320007339e+00 1.642698242348910043e+00 1.107856233504497467e+00 4.151453927553718781e-01
8.971641173621408782e+00 1.867929309452610820e+00 5.571540056403572194e+00 1.132726284497146629e+00 7.666931872849489515e-01 2.867768713452885088e-01
1.129462705897083730e+01 1.203765500035260505e+00 3.218479181835106395e+00 7.563435646683995817e-01 5.136763032928974848e-01 1.944331222807313964e-01
1.421909302127640728e+01 7.751174955408381972e-01 1.883065333533873176e+00 4.917546655767495167e-01 3.356864831500305790e-01 1.284656023413515147e-01
1.790077753714997399e+01 4.975126268890692760e-01 1.246764200651492516e+00 3.106629845545421098e-01 2.151559397246876060e-01 8.284705092516730929e-02
2.253574373239231221e+01 3.096280865540785854e-01 7.181840309560476587e-01 1.938703307585172286e-01 1.331680908854337986e-01 5.108496458744427038e-02
2.837082045838980804e+01 1.757580959353861605e-01 3.514789096196391238e-01 1.137415356245123910e-01 7.738600741172452224e-02 2.994386659342440637e-02
3.571674682851676152e+01 9.581170733199462219e-02 2.145109206639475019e-01 6.118535373322586679e-02 4.159554932068187938e-02 1.641591220692295572e-02
4.496472020903848943e+01 4.842316309249694584e-02 9.815798382582596737e-02 3.111125352922550213e-02 2.070772630080441878e-02 8.030619040090281047e-03
5.660722890537330443e+01 2.230254272538001459e-02 5.587837378521198772e-02 1.342825053658325274e-02 8.696210188989805800e-03 3.357113360794139467e-03
7.126427896022379116e+01 7.163172489300873025e-03 1.904968373099480416e-02 5.155469997244255254e-03 2.713286659029812142e-03 1.191758757259853141e-03
8.971641173621409848e+01 6.040345322717355359e-03 1.600060221349219880e-02 4.030553915894907746e-03 2.158721946349473342e-03 8.312275778936673021e-04
