1.129462705897083669e-01 4.197339310278306220e+04 -1.000000000000000000e+00 1.257723910250676636e+04 3.156139593008392239e+03 3.623111887534156494e+02
1.421909302127640218e-01 2.900193461338951602e+04 -1.000000000000000000e+00 8.653594803949890775e+03 2.177976351751441598e+03 2.881567721578874171e+02
1.790077753714996445e-01 1.941696327500926782e+04 -1.000000000000000000e+00 5.701971057687131179e+03 1.507075206790047105e+03 2.276078381375739639e+02
2.253574373239229933e-01 1.293696892311011652e+04 -1.000000000000000000e+00 3.956863413130818117e+03 1.053073497422963783e+03 1.723686669985650042e+02
2.837082045838980049e-01 8.271110680165586018e+03 -1.000000000000000000e+00 2.584416362840031525e+03 7.423940126852575077e+02 1.256683154767267894e+02
3.571674682851676552e-01 5.116782961833640911e+03 -1.000000000000000000e+00 1.609084264986348899e+03 5.216660193171201172e+02 9.192812633450428450e+01
4.496472020903848343e-01 3.135970543173475562e+03 -1.000000000000000000e+00 1.030991465122789123e+03 3.705212086969906977e+02 6.501434345985042285e+01
5.660722890537328578e-01 1.898113859641439376e+03 -1.000000000000000000e+00 6.360703829511199956e+02 2.589691630030430929e+02 4.472700090971765974e+01
7.126427896022373698e-01 1.092161706998461568e+03 -1.000000000000000000e+00 3.864664538320004112e+02 1.769606099914680897e+02 2.982705219530801699e+01
8.971641173621407450e-01 6.336071703986580133e+02 -1.000000000000000000e+00 2.210087174840160458e+02 1.166498307935161591e+02 1.936867844508648417e+01
1.129462705897083641e+00 3.569531752119478938e+02 1.048911525573694092e+01 1.230613092778601469e+02 7.412017527646270310e+01 1.204790632567976516e+01
1.421909302127640773e+00 1.953896235050302437e+02 4.758197891847689043e+00 6.415385988621400770e+01 4.431164504610197241e+01 7.342330807464755082e+00
1.790077753714996778e+00 7.503224469022003973e+01 2.497341744884186454e+01 3.134085355960672814e+01 2.463667909168888315e+01 4.424075348735204471e+00
2.253574373239230155e+00 2.493489754510076395e+01 3.082066613985439218e+01 1.487478792346992229e+01 1.273190878391319103e+01 2.743479328746789569e+00
2.837082045838980271e+00 1.282748217512833122e+01 3.307096576527736431e+01 7.983349049322022495e+00 6.517298577462311115e+00 1.775595965622061012e+00
3.571674682851676330e+00 8.691298175148892469e+00 2.697546483140383700e+01 5.077501169244248658e+00 3.732292790648308767e+00 1.204407436215154892e+00
4.496472020903849121e+00 5.813006417782552226e+00 1.775529117290516012e+01 3.529624212665593674e+00 2.396853135596799689e+00 8.458557060714695375e-01
5.660722890537329022e+00 4.129792983015316388e+00 1.278045424584636258e+01 2.443734537883845981e+00 1.642293988356274159e+00 5.968196159908289999e-01
7.126427896022375919e+00 2.790699320825059448e+00 8.239276316581396031e+00 1.684686883690949877e+00 1.135009557576240002e+00 4.155519609825806260e-01
8.971641173621408782e+00 1.895855138693823161e+00 5.900063409333911935e+00 1.161565928738743203e+00 7.705030921035742608e-01 2.878238554832890372e-01
1.129462705897083730e+01 1.274315460037055647e+00 3.928830444711150172e+00 7.787953551303274935e-01 5.134697511066566022e-01 1.947528547471595317e-01
1.421909302127640728e+01 8.212581302217798473e-01 2.299447392028723947e+00 5.125413942251917376e-01 3.383026075889197237e-01 1.291925502195185871e-01
1.790077753714997399e+01 5.360042748273021740e-01 1.418413758014380299e+00 3.332054842021019425e-01 2.190077902304201629e-01 8.277199063207407725e-02
2.253574373239231221e+01 3.432161749164845954e-01 9.106863623067105173e-01 2.080836390194951147e-01 1.361720935170251945e-01 5.139310893277393433e-02
2.837082045838980804e+01 2.048562834149940670e-01 5.571156268896997332e-01 1.261755137308342434e-01 7.952105156736188896e-02 3.005330960858021427e-02
3.571674682851676152e+01 1.099979737117735556e-01 2.679788605402513291e-01 7.006154896506378016e-02 4.433661592275850438e-02 1.646988154171724617e-02
4.496472020903848943e+01 5.731680300874386624e-02 1.207652152352542974e-01 3.585779614267159410e-02 2.291342858219724832e-02 8.279001980023181773e-03
5.660722890537330443e+01 2.447938965215001872e-02 4.412037766044929477e-02 1.507778076988386395e-02 9.976095598108525309e-03 3.642343080733079219e-03
7.126427896022379116e+01 1.236154679656542577e-02 3.960154158207074282e-02 7.452463014393062579e-03 4.422835261086444092e-03 1.771488555057043612e-03
8.971641173621409848e+01 7.282479731383073585e-03 2.366223104254561171e-02 4.541856966144619534e-03 2.314091278048824307e-03 9.987715468058322443e-04
