1.129462705897083669e-01 4.610475048202693142e+04 -1.000000000000000000e+00 1.338777085637665550e+04 3.085562536397464100e+03 3.468419956190301150e+02
1.421909302127640218e-01 2.956075799883250511e+04 -1.000000000000000000e+00 8.854252068261477689e+03 2.151812849258775259e+03 2.812652502792485620e+02
1.790077753714996445e-01 2.177410701875944142e+04 -1.000000000000000000e+00 6.401978366015047868e+03 1.531902699620722842e+03 2.229126346630770570e+02
2.253574373239229933e-01 1.406186206584988031e+04 -1.000000000000000000e+00 4.251091099977767044e+03 1.060470967458793893e+03 1.705834989676889393e+02
2.837082045838980049e-01 9.138083683897979427e+03 -1.000000000000000000e+00 2.770516648140884172e+03 7.465432404158443660e+02 1.277830690313467983e+02
3.571674682851676552e-01 5.599332554699860339e+03 -1.000000000000000000e+00 1.730967317256714978e+03 5.230067780234945758e+02 9.188962614812534468e+01
4.496472020903848343e-01 3.463984317200388432e+03 -1.000000000000000000e+00 1.122318804465092853e+03 3.687370414875470033e+02 6.502455888438858267e+01
5.660722890537328578e-01 2.031452979016423342e+03 -1.000000000000000000e+00 6.913137637255581467e+02 2.558799817904258589e+02 4.493918984927284299e+01
7.126427896022373698e-01 1.182611343228158375e+03 -1.000000000000000000e+00 4.136707729918379641e+02 1.734697698149264227e+02 2.990203637746505905e+01
8.971641173621407450e-01 6.755409370486115677e+02 -1.000000000000000000e+00 2.399174212251703580e+02 1.140849174529391377e+02 1.926465163295813809e+01
1.129462705897083641e+00 3.776815034785819307e+02 -1.000000000000000000e+00 1.330033782903873316e+02 7.202404106130035188e+01 1.203623281419409530e+01
1.421909302127640773e+00 2.130673922990065137e+02 -1.000000000000000000e+00 6.850140964541381550e+01 4.328296937892963570e+01 7.295238741294056695e+00
1.790077753714996778e+00 7.386630491526467779e+01 4.006138185610205227e+01 3.227514905809980661e+01 2.410312088925414642e+01 4.402326302755638743e+00
2.253574373239230155e+00 2.479802670884881977e+01 4.750868089895016766e+01 1.556240450286712829e+01 1.248410126017654775e+01 2.705503936089971528e+00
2.837082045838980271e+00 1.229677040877082916e+01 2.331193158665300658e+01 8.015183514459593539e+00 6.418240933868338161e+00 1.768131066322419453e+00
3.571674682851676330e+00 8.621251775510884841e+00 2.410813400155779007e+01 5.107608084454910546e+00 3.741076709849884274e+00 1.201257215082620178e+00
4.496472020903849121e+00 5.618204306481902499e+00 1.565513029353710905e+01 3.418341466522119454e+00 2.401963492039538739e+00 8.425152622474954001e-01
5.660722890537329022e+00 3.938605010769449244e+00 1.124276339369549760e+01 2.439402833823706374e+00 1.638551548365563271e+00 5.956545678723061954e-01
7.126427896022375919e+00 2.736500859702077459e+00 7.832001335420452293e+00 1.688682927047294502e+00 1.118512710507374663e+00 4.158279483906721641e-01
8.971641173621408782e+00 1.867578872460664119e+00 5.173783546964824787e+00 1.145091099583138039e+00 7.635747965621397793e-01 2.866778458222047909e-01
1.129462705897083730e+01 1.264675476111089214e+00 3.623817784071992065e+00 7.644693860236753125e-01 5.150182115652182091e-01 1.948417309910472905e-01
1.421909302127640728e+01 8.132001070410548316e-01 2.247869031357502489e+00 4.977984946752016526e-01 3.375589644315504234e-01 1.283557866580822271e-01
1.790077753714997399e+01 5.162893601587641434e-01 1.311169207329165864e+00 3.227906832179612273e-01 2.170497123407584272e-01 8.271701537606612753e-02
2.253574373239231221e+01 3.118657262999162683e-01 7.272030320080733468e-01 1.978391822375260567e-01 1.349313951870991790e-01 5.134743838398403426e-02
2.837082045838980804e+01 1.822869533004520815e-01 3.703088712477171640e-01 1.141350960199292164e-01 7.935942995269895661e-02 3.014867234152185382e-02
3.571674682851676152e+01 1.063888475091803176e-01 2.520835646953296649e-01 6.478451860087619529e-02 4.505293239956809082e-02 1.692342619320363895e-02
4.496472020903848943e+01 5.489486136964472074e-02 1.312534609376920791e-01 3.370468336543130938e-02 2.313731597897805692e-02 8.611244475036805568e-03
5.660722890537330443e+01 2.631344360954068762e-02 6.238434312942975346e-02 1.618337954096848996e-02 1.068746226107730735e-02 3.992592782253279182e-03
7.126427896022379116e+01 1.159719843316353582e-02 2.453539701754858804e-02 7.951023364991760545e-03 4.599773358353376196e-03 1.843527255898980144e-03
8.971641173621409848e+01 8.939171676467516647e-03 2.431223097887857953e-02 5.145821580464504663e-03 3.471991900120707797e-03 1.169976530745353571e-03
