1.129462705897083669e-01 4.108079344185590162e+04 -1.000000000000000000e+00 1.231978023308551019e+04 3.052979029164378971e+03 3.462690625399788473e+02
1.421909302127640218e-01 2.886234446259040124e+04 -1.000000000000000000e+00 8.873362318791852886e+03 2.139108677882618849e+03 2.858954915414590232e+02
1.790077753714996445e-01 1.909258296363939007e+04 -1.000000000000000000e+00 5.592557541647748621e+03 1.528151027394509356e+03 2.249634131921676499e+02
2.253574373239229933e-01 1.274610514857694034e+04 -1.000000000000000000e+00 3.761343001149616612e+03 1.062266950879401520e+03 1.715301789840626157e+02
2.837082045838980049e-01 8.212763818054532749e+03 -1.000000000000000000e+00 2.556223193801832622e+03 7.426697363595466186e+02 1.272860115719275598e+02
3.571674682851676552e-01 5.001897890222177011e+03 -1.000000000000000000e+00 1.662625344611493119e+03 5.208804048794945629e+02 9.251468799757148531e+01
4.496472020903848343e-01 3.047594555504260370e+03 -1.000000000000000000e+00 1.039770759334537615e+03 3.660788098997074940e+02 6.553192496978323334e+01
5.660722890537328578e-01 1.862228701491903848e+03 -1.000000000000000000e+00 6.293249865610052893e+02 2.542809908376344197e+02 4.491131516284333713e+01
7.126427896022373698e-01 1.075816807208599357e+03 -1.000000000000000000e+00 3.792358042221926553e+02 1.721190728360931530e+02 3.001893187056159107e+01
8.971641173621407450e-01 6.196138127816525412e+02 -1.000000000000000000e+00 2.214679318261110836e+02 1.133242457633172080e+02 1.931223532586849245e+01
1.129462705897083641e+00 3.485143824816647111e+02 -1.000000000000000000e+00 1.216535803826538285e+02 7.132864711774742261e+01 1.201310064112739795e+01
1.421909302127640773e+00 1.895271549084741878e+02 1.030613856287794228e+01 6.350650041837694459e+01 4.267871300146315150e+01 7.309847331943045035e+00
1.790077753714996778e+00 7.287467576427968652e+01 2.733246154667715544e+01 3.059092804312868452e+01 2.360865432685623588e+01 4.417725131009160755e+00
2.253574373239230155e+00 2.425680002934365120e+01 2.881972285130332878e+01 1.455745826818687227e+01 1.217678389963781882e+01 2.729351256502432044e+00
2.837082045838980271e+00 1.207209436699966076e+01 2.889052880675342294e+01 7.866893465465059521e+00 6.288679117222175208e+00 1.768725275921633866e+00
3.571674682851676330e+00 7.951636661452006649e+00 2.040107349187573504e+01 4.968289627710761103e+00 3.633773537947614152e+00 1.204612393089701250e+00
4.496472020903849121e+00 5.270540566125422544e+00 1.240743102505892637e+01 3.384705722294905073e+00 2.345422037571873730e+00 8.419057419167192968e-01
5.660722890537329022e+00 3.780328132968038268e+00 1.217048120037560821e+01 2.359099382178081683e+00 1.604913416820780370e+00 5.915262699249819178e-01
7.126427896022375919e+00 2.688181302990982235e+00 8.070592937060949268e+00 1.661084886653658277e+00 1.107856233504497467e+00 4.151453927553718781e-01
8.971641173621408782e+00 1.893284113108833822e+00 6.156677184713479356e+00 1.147895841408562490e+00 7.666931872849489515e-01 2.867768713452885088e-01
1.129462705897083730e+01 1.238406503827333527e+00 3.523021796566518482e+00 7.707533353216275973e-01 5.136763032928974848e-01 1.944331222807313964e-01
1.421909302127640728e+01 8.029629890652010271e-01 2.391841568863380285e+00 5.040690896932751297e-01 3.356864831500305790e-01 1.284656023413515147e-01
1.790077753714997399e+01 5.252711984572000503e-01 1.428091954550225751e+00 3.232065462656781296e-01 2.151559397246876060e-01 8.284705092516730929e-02
2.253574373239231221e+01 3.167357847257492587e-01 8.204230807319448093e-01 1.958990977405921097e-01 1.331680908854337986e-01 5.108496458744427038e-02
2.837082045838980804e+01 1.788426049689102459e-01 4.525373641567580485e-01 1.154783313210041573e-01 7.738600741172452224e-02 2.994386659342440637e-02
3.571674682851676152e+01 9.547316536949823629e-02 1.866895251245090925e-01 6.127747777310843524e-02 4.159554932068187938e-02 1.641591220692295572e-02
4.496472020903848943e+01 5.008034782523251849e-02 1.289056923099609619e-01 3.221576333311571005e-02 2.070772630080441878e-02 8.030619040090281047e-03
5.660722890537330443e+01 2.131596485635256499e-02 4.449979478896914920e-02 1.313408382544833941e-02 8.696210188989805800e-03 3.357113360794139467e-03
7.126427896022379116e+01 5.963693507979428432e-03 1.330198127582749024e-02 4.767370366688616912e-03 2.713286659029812142e-03 1.191758757259853141e-03
8.971641173621409848e+01 5.407169883466789173e-03 1.264731636279292637e-02 3.339134018166323159e-03 2.158721946349473342e-03 8.312275778936673021e-04
