1.129462705897083669e-01 4.272065234975852218e+04 -1.000000000000000000e+00 1.220493076478146941e+04 3.132443524609175711e+03 3.466987623492673265e+02
1.421909302127640218e-01 2.951261636631743386e+04 -1.000000000000000000e+00 8.404107735870813485e+03 2.199533456731078331e+03 2.840290376993277164e+02
1.790077753714996445e-01 1.938993083535810729e+04 -1.000000000000000000e+00 5.709729104951953559e+03 1.524512210899268439e+03 2.224988811001903457e+02
2.253574373239229933e-01 1.292574955795750611e+04 -1.000000000000000000e+00 3.960839562991616731e+03 1.057978428968803655e+03 1.697991069541221805e+02
2.837082045838980049e-01 8.194611317715764017e+03 -1.000000000000000000e+00 2.487930178781531595e+03 7.450997400360761276e+02 1.272272684176325583e+02
3.571674682851676552e-01 5.102587297223050882e+03 -1.000000000000000000e+00 1.626410458181578178e+03 5.219171759871047698e+02 9.234030480044339129e+01
4.496472020903848343e-01 3.174021487722829534e+03 -1.000000000000000000e+00 1.030507359881150251e+03 3.703796932390455368e+02 6.504044954478125362e+01
5.660722890537328578e-01 1.823923403519733938e+03 -1.000000000000000000e+00 6.282238931517603078e+02 2.568342309717676244e+02 4.503931117195839562e+01
7.126427896022373698e-01 1.101840021374106300e+03 -1.000000000000000000e+00 3.842581382206005287e+02 1.745449784132503055e+02 2.999327188427210800e+01
8.971641173621407450e-01 6.329903535632895455e+02 -1.000000000000000000e+00 2.225217284161792293e+02 1.148893781920023685e+02 1.927022449789358660e+01
1.129462705897083641e+00 3.594695237985193899e+02 -1.000000000000000000e+00 1.214676303018334949e+02 7.315706898891444609e+01 1.195831391544311550e+01
1.421909302127640773e+00 1.939122197134499004e+02 4.953014894803190238e+00 6.411400419032429454e+01 4.388998495098213937e+01 7.307837304728442618e+00
1.790077753714996778e+00 7.441000638015866286e+01 2.883575066868364090e+01 3.146946939467234472e+01 2.444187291169939513e+01 4.407759066929194169e+00
2.253574373239230155e+00 2.537446698734321870e+01 2.292527574532888579e+01 1.487306064023421470e+01 1.274105488753807869e+01 2.725807968441147811e+00
2.837082045838980271e+00 1.261113903464783093e+01 2.972704708421342090e+01 7.966589498050296925e+00 6.557685086590044676e+00 1.774638000336634658e+00
3.571674682851676330e+00 8.648896183220633915e+00 2.379024989986199401e+01 5.193751732455873515e+00 3.766436167503259824e+00 1.207650510738368155e+00
4.496472020903849121e+00 5.931823551216531598e+00 1.424831967011344780e+01 3.518709476369335398e+00 2.417392358991235390e+00 8.461899774633010463e-01
5.660722890537329022e+00 4.097110151543912338e+00 1.249189667739227794e+01 2.422621202311317390e+00 1.647953450403538245e+00 5.946661542463620442e-01
7.126427896022375919e+00 2.803938794841684512e+00 8.882873928493616233e+00 1.696981134876123676e+00 1.133852731765413235e+00 4.158516126002500535e-01
8.971641173621408782e+00 1.900923161867969835e+00 5.256636098326930906e+00 1.148276002658599637e+00 7.744128933657654645e-01 2.882954055932116511e-01
1.129462705897083730e+01 1.261836108446376059e+00 3.798641817139891685e+00 7.816138201482860648e-01 5.146992273389336958e-01 1.950703670979061499e-01
1.421909302127640728e+01 8.399904528962545136e-01 2.381312460248209195e+00 5.202208730029467265e-01 3.398013024866188836e-01 1.284824542659452895e-01
1.790077753714997399e+01 5.171515137234632409e-01 1.386860053494684220e+00 3.265192193480195293e-01 2.149987625871669916e-01 8.250936505535300114e-02
2.253574373239231221e+01 3.345660198169966293e-01 8.272929350494921952e-01 2.084969221932835293e-01 1.345956400557357657e-01 5.163474224495323561e-02
2.837082045838980804e+01 2.019860507126292060e-01 5.341040336923164045e-01 1.265551275829541744e-01 7.929449945262923016e-02 3.055868826174057418e-02
3.571674682851676152e+01 1.132787019991894351e-01 2.748198206080538775e-01 7.193685472339850229e-02 4.400671864186911364e-02 1.696950412214870418e-02
4.496472020903848943e+01 6.045057111835228092e-02 1.470124907407555082e-01 3.746897781544711314e-02 2.291197795426636041e-02 8.621364555612576197e-03
5.660722890537330443e+01 3.100841389766784140e-02 8.605050806616865167e-02 1.875263575126329130e-02 1.138240277228907971e-02 4.116942896157604892e-03
7.126427896022379116e+01 1.369534684252426970e-02 3.027778542592662880e-02 7.553719065140240829e-03 5.005108250306866680e-03 1.513181020074583216e-03
8.971641173621409848e+01 7.856359961866843378e-03 2.760508039187903329e-02 4.340301014241765287e-03 2.991767804381595397e-03 9.888485606592833932e-04
