1.129462705897083669e-01 4.552269913151134824e+04 -1.000000000000000000e+00 1.364050530128243008e+04 3.137070883345682887e+03 3.598046065325661402e+02
1.421909302127640218e-01 3.141428941997417496e+04 -1.000000000000000000e+00 9.555108429704254377e+03 2.192030089996196693e+03 2.878696254129441172e+02
1.790077753714996445e-01 2.117848649407977064e+04 -1.000000000000000000e+00 6.179673859654075386e+03 1.511391498104109360e+03 2.249634131921676499e+02
2.253574373239229933e-01 1.375217140969929824e+04 -1.000000000000000000e+00 4.143499892604902925e+03 1.056941282908893527e+03 1.740276110272579331e+02
2.837082045838980049e-01 8.935001324880697211e+03 -1.000000000000000000e+00 2.792990870377956981e+03 7.517076691498231185e+02 1.278915179315837065e+02
3.571674682851676552e-01 5.609365346017927550e+03 -1.000000000000000000e+00 1.774252289148899081e+03 5.311825159133978786e+02 9.360628151725639157e+01
4.496472020903848343e-01 3.460012172714481949e+03 -1.000000000000000000e+00 1.110100806452651568e+03 3.762889898598901937e+02 6.537074827151468526e+01
5.660722890537328578e-01 2.056675709499100321e+03 -1.000000000000000000e+00 6.805435038496333391e+02 2.620466497332710674e+02 4.510530022554660690e+01
7.126427896022373698e-01 1.199784352980840822e+03 -1.000000000000000000e+00 4.164877706890443392e+02 1.789601417644873607e+02 3.016348312665900977e+01
8.971641173621407450e-01 6.926292931643788506e+02 -1.000000000000000000e+00 2.465374711460806623e+02 1.188524884697131512e+02 1.946541766460693879e+01
1.129462705897083641e+00 3.855181586794113855e+02 -1.000000000000000000e+00 1.332052141478188219e+02 7.591936434349231888e+01 1.213119647204685059e+01
1.421909302127640773e+00 2.175461793013498948e+02 4.617176868784635069e+00 6.834923264587740732e+01 4.600313899707641241e+01 7.406687571675167447e+00
1.790077753714996778e+00 7.611393712198702133e+01 4.122886003491920803e+01 3.357192125526717064e+01 2.600694829442523215e+01 4.461079308685550693e+00
2.253574373239230155e+00 2.610269342054168007e+01 4.132913108026875193e+01 1.518744643940387817e+01 1.370410920438188640e+01 2.748591400835207477e+00
2.837082045838980271e+00 1.224270561423275616e+01 2.587210547009045314e+01 7.868194950700614143e+00 7.081541216013635065e+00 1.778659647053753901e+00
3.571674682851676330e+00 8.058611712220741907e+00 2.097403380374431592e+01 5.074740422192335565e+00 3.961763392519252136e+00 1.210959262050109952e+00
4.496472020903849121e+00 5.761334494552926344e+00 1.516439636208871633e+01 3.516920009096963007e+00 2.499361162451991802e+00 8.522176454643934917e-01
5.660722890537329022e+00 4.136617541096832440e+00 1.288809559309143182e+01 2.486370137572569305e+00 1.696598344834131300e+00 6.020594881684235844e-01
7.126427896022375919e+00 2.900996706202737752e+00 7.968383194494689903e+00 1.703660502819684286e+00 1.169776346933150801e+00 4.192713759952411134e-01
8.971641173621408782e+00 1.872783723953344470e+00 5.172017955655930699e+00 1.152343681804659514e+00 7.811992273845811408e-01 2.898853868274864354e-01
1.129462705897083730e+01 1.224364197538806209e+00 3.359811374569541265e+00 7.626014762491881704e-01 5.203255121191345811e-01 1.952351211664509201e-01
1.421909302127640728e+01 8.027164373981630074e-01 1.881611733686515464e+00 5.031843755542253493e-01 3.426084223980598864e-01 1.294738642962052211e-01
1.790077753714997399e+01 5.248794931719034107e-01 1.421121308668694017e+00 3.299941933873216104e-01 2.206493903876518559e-01 8.404415691295308299e-02
2.253574373239231221e+01 3.313775401916612129e-01 8.455501150997166704e-01 2.064828222221639642e-01 1.357381872997145411e-01 5.181134314800761587e-02
2.837082045838980804e+01 1.899881413509625361e-01 4.532151773956833996e-01 1.203474370504253876e-01 7.826097923144503810e-02 3.030282793450456147e-02
3.571674682851676152e+01 1.011524899916265152e-01 2.036099806050912786e-01 6.460038678339574680e-02 4.267711115319783310e-02 1.648135572961662021e-02
4.496472020903848943e+01 5.452920650023518334e-02 1.352379906605376547e-01 3.272879806378514722e-02 2.211615525732013587e-02 8.297039582139564828e-03
5.660722890537330443e+01 2.460594453701459017e-02 5.193421492287142449e-02 1.572092573596250986e-02 1.018896339841846022e-02 3.900255607971025995e-03
7.126427896022379116e+01 8.137121337318919956e-03 1.418582094957221429e-02 5.331417748589473149e-03 3.807319497631134197e-03 1.487600009520750888e-03
8.971641173621409848e+01 6.110413604582198843e-03 1.724248110446735538e-02 3.461425489577285575e-03 2.445185364094326630e-03 7.010598852927873992e-04
