1.129462705897083669e-01 4.440241471560361970e+04 -1.000000000000000000e+00 1.231570114853150335e+04 3.084565144987277108e+03 3.464839124446230585e+02
1.421909302127640218e-01 3.094310724878393012e+04 -1.000000000000000000e+00 9.251248646574149461e+03 2.148064174930292666e+03 2.792552230646455769e+02
1.790077753714996445e-01 2.123593154290032180e+04 -1.000000000000000000e+00 6.392644311138305056e+03 1.530958849265961817e+03 2.207179418512432392e+02
2.253574373239229933e-01 1.370592755874526665e+04 -1.000000000000000000e+00 4.096446009795086866e+03 1.056640540567221251e+03 1.684647389310431151e+02
2.837082045838980049e-01 8.908335165470680295e+03 -1.000000000000000000e+00 2.807930207353679180e+03 7.374459356395476561e+02 1.260659614442621717e+02
3.571674682851676552e-01 5.559879573261580845e+03 -1.000000000000000000e+00 1.752152309686993249e+03 5.201889148468897019e+02 9.250336441334238202e+01
4.496472020903848343e-01 3.390118266846855022e+03 -1.000000000000000000e+00 1.115508537568033034e+03 3.668347404211223761e+02 6.504498973346487389e+01
5.660722890537328578e-01 2.080939328079494317e+03 -1.000000000000000000e+00 6.893313203840525603e+02 2.581924531968807059e+02 4.475771995190527264e+01
7.126427896022373698e-01 1.178384782891116402e+03 -1.000000000000000000e+00 4.140677290488757762e+02 1.750602792052898451e+02 3.002092764727299468e+01
8.971641173621407450e-01 6.790408626872763307e+02 -1.000000000000000000e+00 2.442624405714779243e+02 1.143220944472554663e+02 1.936167664042399750e+01
1.129462705897083641e+00 3.849364960026614426e+02 -1.000000000000000000e+00 1.332606757207327917e+02 7.293347468230032860e+01 1.198996846806070060e+01
1.421909302127640773e+00 2.134289659376698580e+02 4.795452613244131079e+00 6.755173471109407046e+01 4.397553839689694399e+01 7.335726432331059144e+00
1.790077753714996778e+00 7.449186614155088648e+01 4.256910294274666029e+01 3.346206812137016584e+01 2.446296296983805263e+01 4.411518827565860335e+00
2.253574373239230155e+00 2.444568090392705173e+01 3.102654132406225784e+01 1.544231539828024680e+01 1.278524235348563032e+01 2.744344864761759872e+00
2.837082045838980271e+00 1.222772051414524519e+01 3.183219155447884674e+01 8.022349192204554669e+00 6.606880900719199090e+00 1.773991825639389841e+00
3.571674682851676330e+00 7.939783003806219597e+00 2.057443200638855885e+01 4.975642170547438958e+00 3.753241580876843564e+00 1.207134155297521438e+00
4.496472020903849121e+00 5.623881883133623916e+00 1.476107408330667425e+01 3.419969051295668194e+00 2.408185920945117520e+00 8.496683295185403217e-01
5.660722890537329022e+00 4.021024212018157407e+00 1.222664968730471635e+01 2.424797684653667407e+00 1.636168133932376367e+00 5.946553456944814187e-01
7.126427896022375919e+00 2.776815687538322308e+00 8.575262618909382795e+00 1.697081003938341937e+00 1.122921840921079717e+00 4.163126370205845195e-01
8.971641173621408782e+00 1.827816065328677020e+00 5.552479927096813483e+00 1.143570189075198140e+00 7.615747947529598605e-01 2.881105007925328643e-01
1.129462705897083730e+01 1.202861926205400334e+00 2.839064801534785243e+00 7.389426604039401880e-01 5.090459848197099735e-01 1.936955425580877410e-01
1.421909302127640728e+01 8.033889899905233278e-01 2.100567148085607627e+00 5.002993528265891054e-01 3.400320181055218605e-01 1.287943315242969788e-01
1.790077753714997399e+01 5.106050117015250578e-01 1.187168967725876545e+00 3.184749936519597480e-01 2.167214352607573780e-01 8.290466161147791446e-02
2.253574373239231221e+01 3.098606344579373228e-01 7.236102239858948071e-01 1.925488000250079601e-01 1.330988663741037303e-01 5.145831264590183807e-02
2.837082045838980804e+01 1.852604959771066984e-01 4.468052411673699709e-01 1.184953092764708948e-01 7.895438669622323324e-02 3.069726562207453213e-02
3.571674682851676152e+01 1.029907987261597935e-01 2.297426243641473853e-01 6.405197460760025940e-02 4.428714745111328455e-02 1.695866179024929643e-02
4.496472020903848943e+01 5.342124467389108844e-02 1.078568934138233182e-01 3.373229124786814026e-02 2.277464182866961728e-02 8.397195576976601572e-03
5.660722890537330443e+01 2.170349693778650391e-02 4.306829061827754934e-02 1.290451659732916312e-02 1.017496122347005816e-02 3.679694591677273863e-03
7.126427896022379116e+01 7.754405817671061740e-03 1.460955827289689424e-02 4.727803970885346985e-03 4.088062777391821001e-03 1.492674414365069424e-03
8.971641173621409848e+01 7.827125546572499815e-03 2.075639765710435292e-02 4.292964819992528547e-03 3.110979416513837137e-03 9.681777329089147344e-04
