1.129462705897083669e-01 4.528097437211338547e+04 -1.000000000000000000e+00 1.316740559211190885e+04 3.132443524609175711e+03 3.466987623492673265e+02
1.421909302127640218e-01 3.166123151128695463e+04 -1.000000000000000000e+00 9.273853666800054270e+03 2.199533456731078331e+03 2.840290376993277164e+02
1.790077753714996445e-01 2.163338600335171577e+04 -1.000000000000000000e+00 6.350766688894604158e+03 1.524512210899268439e+03 2.224988811001903457e+02
2.253574373239229933e-01 1.385524619187268945e+04 -1.000000000000000000e+00 4.318837113864353341e+03 1.057978428968803655e+03 1.697991069541221805e+02
2.837082045838980049e-01 8.996703005239172853e+03 -1.000000000000000000e+00 2.705999107569414264e+03 7.450997400360761276e+02 1.272272684176325583e+02
3.571674682851676552e-01 5.579901217107221782e+03 -1.000000000000000000e+00 1.746310350255029562e+03 5.219171759871047698e+02 9.234030480044339129e+01
4.496472020903848343e-01 3.517993944930430189e+03 -1.000000000000000000e+00 1.123650417472927757e+03 3.703796932390455368e+02 6.504044954478125362e+01
5.660722890537328578e-01 2.037938652993021378e+03 -1.000000000000000000e+00 6.890380580826650885e+02 2.568342309717676244e+02 4.503931117195839562e+01
7.126427896022373698e-01 1.205783137843218810e+03 -1.000000000000000000e+00 4.187432699419743471e+02 1.745449784132503055e+02 2.999327188427210800e+01
8.971641173621407450e-01 6.847289086043863335e+02 -1.000000000000000000e+00 2.402707852156935928e+02 1.148893781920023685e+02 1.927022449789358660e+01
1.129462705897083641e+00 3.882880321431647985e+02 -1.000000000000000000e+00 1.313257058060058569e+02 7.315706898891444609e+01 1.195831391544311550e+01
1.421909302127640773e+00 2.152491617780777347e+02 2.281205957921276095e+01 6.830194047958860892e+01 4.388998495098213937e+01 7.307837304728442618e+00
1.790077753714996778e+00 7.487365378154400730e+01 3.480290080242036765e+01 3.302261188376768075e+01 2.444187291169939513e+01 4.407759066929194169e+00
2.253574373239230155e+00 2.495844228426021516e+01 3.638324335207638427e+01 1.529164239202387421e+01 1.274105488753807869e+01 2.725807968441147811e+00
2.837082045838980271e+00 1.227489919374223248e+01 2.523040604749926175e+01 8.068723046976266744e+00 6.557685086590044676e+00 1.774638000336634658e+00
3.571674682851676330e+00 8.236542145924250491e+00 2.153659081805635722e+01 5.184067510403787438e+00 3.766436167503259824e+00 1.207650510738368155e+00
4.496472020903849121e+00 5.667120466863358352e+00 1.556607569098745003e+01 3.504148650988983427e+00 2.417392358991235390e+00 8.461899774633010463e-01
5.660722890537329022e+00 3.946471793627354785e+00 1.135970954362509389e+01 2.395515460227828353e+00 1.647953450403538245e+00 5.946661542463620442e-01
7.126427896022375919e+00 2.725714784728099804e+00 7.322420150310414044e+00 1.652626521012269478e+00 1.133852731765413235e+00 4.158516126002500535e-01
8.971641173621408782e+00 1.848234185609126001e+00 4.735249756799686516e+00 1.125114938375954665e+00 7.744128933657654645e-01 2.882954055932116511e-01
1.129462705897083730e+01 1.224800752681149962e+00 3.679863554339399379e+00 7.704724448743396348e-01 5.146992273389336958e-01 1.950703670979061499e-01
1.421909302127640728e+01 8.000023376982108303e-01 2.024131566560018136e+00 5.005309945330025378e-01 3.398013024866188836e-01 1.284824542659452895e-01
1.790077753714997399e+01 4.955096495362183440e-01 1.085518971740980554e+00 3.129914947908756240e-01 2.149987625871669916e-01 8.250936505535300114e-02
2.253574373239231221e+01 3.173216084756913524e-01 7.644890862180038216e-01 1.973879828069711184e-01 1.345956400557357657e-01 5.163474224495323561e-02
2.837082045838980804e+01 1.848847796980785940e-01 4.336790505390333283e-01 1.186650808979072824e-01 7.929449945262923016e-02 3.055868826174057418e-02
3.571674682851676152e+01 1.070001881299438296e-01 2.605466464232848445e-01 6.616459722692402678e-02 4.400671864186911364e-02 1.696950412214870418e-02
4.496472020903848943e+01 5.489746844499676648e-02 1.295051607491437551e-01 3.455658161516428351e-02 2.291197795426636041e-02 8.621364555612576197e-03
5.660722890537330443e+01 2.854522844074658394e-02 7.491733458412475066e-02 1.712258445810577179e-02 1.138240277228907971e-02 4.116942896157604892e-03
7.126427896022379116e+01 1.314754172927412590e-02 3.164909329160270346e-02 7.169273707801959716e-03 5.005108250306866680e-03 1.513181020074583216e-03
8.971641173621409848e+01 7.047789110868674101e-03 1.987908278561167918e-02 4.002807063721025571e-03 2.991767804381595397e-03 9.888485606592833932e-04
