1.129462705897083669e-01 4.391352483451831358e+04 -1.000000000000000000e+00 1.278223342358732771e+04 3.202103080653708275e+03 3.458393627306903113e+02
1.421909302127640218e-01 2.842780732308000370e+04 -1.000000000000000000e+00 8.181431837683671802e+03 2.135685107547978532e+03 2.860749582570485927e+02
1.790077753714996445e-01 1.931777872293764449e+04 -1.000000000000000000e+00 5.796240816481433285e+03 1.519825434876296413e+03 2.261866845954848486e+02
2.253574373239229933e-01 1.245301162278292759e+04 -1.000000000000000000e+00 3.809286943673460883e+03 1.061756943329495016e+03 1.714850989832829100e+02
2.837082045838980049e-01 8.268629069569158673e+03 -1.000000000000000000e+00 2.563775165910733904e+03 7.455432518250941030e+02 1.284337624327683329e+02
3.571674682851676552e-01 5.246752452214666846e+03 -1.000000000000000000e+00 1.603161315025890644e+03 5.311221217078847303e+02 9.240598158897215342e+01
4.496472020903848343e-01 3.085621557843618120e+03 -1.000000000000000000e+00 1.040192883509067769e+03 3.735546948700580288e+02 6.509379676181379182e+01
5.660722890537328578e-01 1.872764772147408394e+03 -1.000000000000000000e+00 6.414410357252567110e+02 2.597697998355146183e+02 4.502565826431946050e+01
7.126427896022373698e-01 1.082738622256252711e+03 -1.000000000000000000e+00 3.867270084388641749e+02 1.754693343421847089e+02 3.007680939519231345e+01
8.971641173621407450e-01 6.224163237606007897e+02 -1.000000000000000000e+00 2.235904480350133383e+02 1.160948986680902664e+02 1.924007386965308797e+01
1.129462705897083641e+00 3.529428066803610591e+02 -1.000000000000000000e+00 1.216698745840397322e+02 7.349347479341119538e+01 1.207762722915555287e+01
1.421909302127640773e+00 1.933128209174304288e+02 4.853599289216112389e+00 6.351727920200170274e+01 4.416625206594081732e+01 7.290249566600666142e+00
1.790077753714996778e+00 7.545966375609329191e+01 1.953624464167357289e+01 3.083397150102966933e+01 2.475550130717690323e+01 4.402218367043581715e+00
2.253574373239230155e+00 2.550564406829749231e+01 3.869965690120537261e+01 1.448327303198409410e+01 1.286488480632185727e+01 2.714438792244507681e+00
2.837082045838980271e+00 1.265112603220256027e+01 3.289852652001048483e+01 8.144139705712344579e+00 6.624095309449374192e+00 1.773842708401563772e+00
3.571674682851676330e+00 8.392384968715706606e+00 2.522293738854212464e+01 5.143645173139351101e+00 3.786618229617667808e+00 1.206733300415811172e+00
4.496472020903849121e+00 5.636774251287020476e+00 1.843624157705889033e+01 3.429252402970772273e+00 2.392484259521570511e+00 8.425879052664333457e-01
5.660722890537329022e+00 3.879102490016768989e+00 1.161716834422842659e+01 2.383354319200330806e+00 1.624660889609724990e+00 5.939149598906445782e-01
7.126427896022375919e+00 2.744443830367162551e+00 9.182797426508090055e+00 1.662161848736208203e+00 1.120516541908280761e+00 4.146930642192800942e-01
8.971641173621408782e+00 1.868704358613887173e+00 5.385185990599596018e+00 1.143246102381407781e+00 7.637501320964614759e-01 2.866601984165759731e-01
1.129462705897083730e+01 1.248583038754557339e+00 3.403158707900477253e+00 7.748594125688190726e-01 5.104252264362434399e-01 1.951491453962757028e-01
1.421909302127640728e+01 8.640837001552919006e-01 2.605817162157122446e+00 5.213017889748996492e-01 3.413989353942739058e-01 1.296210628963316847e-01
1.790077753714997399e+01 5.185479312054614986e-01 1.244318164411462924e+00 3.335433732543915397e-01 2.141252517118996668e-01 8.280008989577947176e-02
2.253574373239231221e+01 3.311934004589809355e-01 8.291249327814611547e-01 2.004715895704889395e-01 1.312241393488966512e-01 5.072807072927165706e-02
2.837082045838980804e+01 1.992638049583399518e-01 6.028107648048461886e-01 1.251443288401474785e-01 7.538947500356973919e-02 2.939540887399716418e-02
3.571674682851676152e+01 1.081063737986691642e-01 3.059761493786603559e-01 6.804310404436120230e-02 4.188569550383003381e-02 1.597824095580890891e-02
4.496472020903848943e+01 5.472136529226023782e-02 1.409999341046757060e-01 3.485267661287516638e-02 2.161148922691613627e-02 8.169471063077970996e-03
5.660722890537330443e+01 2.080210496940204656e-02 5.316246355647602506e-02 1.381433963141409649e-02 9.592089664052450004e-03 3.736868417899996686e-03
7.126427896022379116e+01 6.742776360861846285e-03 1.088675273841155366e-02 4.176913681854355076e-03 3.779990893169937749e-03 1.432509301956486070e-03
8.971641173621409848e+01 7.913449720494458717e-03 1.962564902443464376e-02 4.770605538874983509e-03 2.844028420013744451e-03 1.070018481595713666e-03
