1.129462705897083669e-01 3.938505455763200735e+04 -1.000000000000000000e+00 1.309063873195605083e+04 3.116230434665273151e+03 3.562953914233768273e+02
1.421909302127640218e-01 2.769625226760895748e+04 -1.000000000000000000e+00 8.539527191106664759e+03 2.154192721434973009e+03 2.827009840039650044e+02
1.790077753714996445e-01 1.890429354057508681e+04 -1.000000000000000000e+00 5.864338385305561133e+03 1.506649158379203755e+03 2.221031168226465411e+02
2.253574373239229933e-01 1.297111476273722656e+04 -1.000000000000000000e+00 3.893292855279780269e+03 1.054796844224220422e+03 1.701507309602038447e+02
2.837082045838980049e-01 7.828792587148584971e+03 -1.000000000000000000e+00 2.431941619324408748e+03 7.326865937402227473e+02 1.277424006937579577e+02
3.571674682851676552e-01 5.016122116410289891e+03 -1.000000000000000000e+00 1.603396291669656875e+03 5.116549300505624842e+02 9.226330442768554008e+01
4.496472020903848343e-01 3.093256120534506408e+03 -1.000000000000000000e+00 1.026691629959674401e+03 3.658856651934402180e+02 6.526291879027868958e+01
5.660722890537328578e-01 1.870088544964792391e+03 -1.000000000000000000e+00 6.305581079997822371e+02 2.547144171906164445e+02 4.489311128599142364e+01
7.126427896022373698e-01 1.082389435558848163e+03 -1.000000000000000000e+00 3.771030375153081877e+02 1.716743266068636160e+02 2.999298677331333707e+01
8.971641173621407450e-01 6.219083106743539702e+02 -1.000000000000000000e+00 2.217015276472811820e+02 1.130593238456077643e+02 1.929394489736241169e+01
1.129462705897083641e+00 3.454627768770459966e+02 1.043383490966647464e+01 1.235780310810285982e+02 7.104923915609074925e+01 1.200422017840210209e+01
1.421909302127640773e+00 1.931445492281919485e+02 1.046098417625334775e+01 6.383916613097088089e+01 4.246662596558974201e+01 7.285152711877923792e+00
1.790077753714996778e+00 7.220476329406066895e+01 2.484844529274066360e+01 3.016679808662371443e+01 2.359683734560686830e+01 4.400527374221348431e+00
2.253574373239230155e+00 2.415279800618140271e+01 4.362247049831899659e+01 1.488698565382404304e+01 1.225622052910044957e+01 2.708993128150320118e+00
2.837082045838980271e+00 1.254162996929092344e+01 3.146417950322647528e+01 7.855185285325845257e+00 6.430263446274329553e+00 1.754380649513212820e+00
3.571674682851676330e+00 8.247371597165372492e+00 1.997103720883716349e+01 4.965585196182861871e+00 3.738035916864052233e+00 1.198564466752940927e+00
4.496472020903849121e+00 5.553223873068505512e+00 1.621533675645189376e+01 3.391499582038621341e+00 2.384554036981088920e+00 8.412349290387142187e-01
5.660722890537329022e+00 4.032150498412017114e+00 1.226003813388940777e+01 2.443508928250029300e+00 1.638858934984220639e+00 5.937937903353491809e-01
7.126427896022375919e+00 2.813339907539726958e+00 9.332794078331287935e+00 1.699124817068447868e+00 1.121092162115457924e+00 4.159948808570330669e-01
8.971641173621408782e+00 1.846464032762176632e+00 5.889676973071619415e+00 1.138402849627901947e+00 7.581409003362316046e-01 2.878303571590472565e-01
1.129462705897083730e+01 1.262929127189497347e+00 3.996585855524251940e+00 7.746825155813106267e-01 5.108333868026568858e-01 1.948008737008473101e-01
1.421909302127640728e+01 7.941224885537314648e-01 2.083004743412148585e+00 5.016627536665265730e-01 3.323540216490787902e-01 1.280298033158853155e-01
1.790077753714997399e+01 5.223315022771766181e-01 1.355080571116364485e+00 3.323051450989371602e-01 2.136590751106539621e-01 8.261291138178661342e-02
2.253574373239231221e+01 3.316847608233879363e-01 8.755831954616002388e-01 2.059194783843492083e-01 1.329265333812124084e-01 5.057927967869813024e-02
2.837082045838980804e+01 2.017956759612742346e-01 5.193236007510015906e-01 1.239242381946592531e-01 7.917483989187368287e-02 3.021517185153599350e-02
3.571674682851676152e+01 1.112897748507928330e-01 2.889956491293870222e-01 6.876637267886920313e-02 4.344862362730750327e-02 1.668436721239263676e-02
4.496472020903848943e+01 5.889782056984826930e-02 1.496220671887449338e-01 3.641362977501660936e-02 2.268866495047561216e-02 8.591377176880854449e-03
5.660722890537330443e+01 2.630391218575267587e-02 6.489004876611592643e-02 1.760672422200526555e-02 1.020700391748663449e-02 4.091911143308424315e-03
7.126427896022379116e+01 1.148436537091579446e-02 2.936478100168926630e-02 6.501855728725081107e-03 4.557779171284526143e-03 1.620848611879610601e-03
8.971641173621409848e+01 7.906252101867350390e-03 2.535275349239851650e-02 4.524316405622563764e-03 2.667871357385109832e-03 9.280943302847344256e-04
