1.129462705897083669e-01 4.351067350540943880e+04 -1.000000000000000000e+00 1.225065192910868973e+04 3.171660017404901282e+03 3.504228273631008506e+02
1.421909302127640218e-01 2.741623479987035171e+04 -1.000000000000000000e+00 8.519304768373947809e+03 2.175126685449537035e+03 2.772810891931605397e+02
1.790077753714996445e-01 1.922338724194069800e+04 -1.000000000000000000e+00 5.998996777139335791e+03 1.517981341896687809e+03 2.235242703647356564e+02
2.253574373239229933e-01 1.266248198318112372e+04 -1.000000000000000000e+00 3.746614238439675319e+03 1.058651222550362490e+03 1.692310989442979974e+02
2.837082045838980049e-01 7.837720691446207638e+03 -1.000000000000000000e+00 2.621317507504624700e+03 7.351469901207625526e+02 1.272498619385152665e+02
3.571674682851676552e-01 5.208189717918650786e+03 -1.000000000000000000e+00 1.616321326958312056e+03 5.223227145934548616e+02 9.164730144562268777e+01
4.496472020903848343e-01 3.100171242874846030e+03 -1.000000000000000000e+00 1.014897621934078188e+03 3.681795983010821942e+02 6.503363926175582321e+01
5.660722890537328578e-01 1.888652188481197754e+03 -1.000000000000000000e+00 6.226805887452877641e+02 2.568272102436461068e+02 4.465247878885511312e+01
7.126427896022373698e-01 1.068200581541903603e+03 -1.000000000000000000e+00 3.821155972759721635e+02 1.728691881910286270e+02 2.984016729941152946e+01
8.971641173621407450e-01 6.182960438335560411e+02 -1.000000000000000000e+00 2.196370718737387904e+02 1.136414140491786071e+02 1.927651183269255242e+01
1.129462705897083641e+00 3.518401160620468886e+02 -1.000000000000000000e+00 1.221764443364485402e+02 7.183674565381240029e+01 1.200644029408342739e+01
1.421909302127640773e+00 1.916255323352430366e+02 -1.000000000000000000e+00 6.356737284388009357e+01 4.317938438802376311e+01 7.308232131502739648e+00
1.790077753714996778e+00 7.304185897929696125e+01 2.498735916488118391e+01 3.081980272801225951e+01 2.384857468067763264e+01 4.398890349255144550e+00
2.253574373239230155e+00 2.434171897012936370e+01 3.662642765302808812e+01 1.482305944239513984e+01 1.225701719385186728e+01 2.712996232219557324e+00
2.837082045838980271e+00 1.252918821226495538e+01 3.091334416210413494e+01 7.802912585599758089e+00 6.402693680267246279e+00 1.757688340970438912e+00
3.571674682851676330e+00 8.443625329958535985e+00 2.444589198518182727e+01 5.067790392164776669e+00 3.692880737294746751e+00 1.204654290351348855e+00
4.496472020903849121e+00 5.817654240288345768e+00 1.485035129110219465e+01 3.461491302056951547e+00 2.379428907153878558e+00 8.419125521997445905e-01
5.660722890537329022e+00 3.931622148260639271e+00 1.297047170675887351e+01 2.384262036279475527e+00 1.626014630212734513e+00 5.935542955805159782e-01
7.126427896022375919e+00 2.739169173175392658e+00 8.564580470851737459e+00 1.657707394698874293e+00 1.126261801616910141e+00 4.149345532013599680e-01
8.971641173621408782e+00 1.889755890743781475e+00 5.284492353089500938e+00 1.136612993756032974e+00 7.783259978932037804e-01 2.875676465902312628e-01
1.129462705897083730e+01 1.275206362084201128e+00 3.632598747774660630e+00 7.750979486468427826e-01 5.202487584322124103e-01 1.952453981535564598e-01
1.421909302127640728e+01 8.091556820593568400e-01 2.260889410944733502e+00 5.035785419814771124e-01 3.380769265576382132e-01 1.286789882661873996e-01
1.790077753714997399e+01 5.169381058576496546e-01 1.439924277147170528e+00 3.268677557497676744e-01 2.149923305286782771e-01 8.259755752674657892e-02
2.253574373239231221e+01 3.265486136881976531e-01 8.494836361757638343e-01 2.024351224772111824e-01 1.316534230410850714e-01 5.039165671545298153e-02
2.837082045838980804e+01 1.871372736219301114e-01 4.411776102295683621e-01 1.188669355302796049e-01 7.553082724622606214e-02 2.928227407752914679e-02
3.571674682851676152e+01 1.068175354954901124e-01 2.501203219577179393e-01 6.431447911398424644e-02 4.369459099695061077e-02 1.588951727629850375e-02
4.496472020903848943e+01 4.834541245770518358e-02 9.148798373555400154e-02 3.055037626440770815e-02 2.094906763767645508e-02 8.053330766456534562e-03
5.660722890537330443e+01 2.488809029526328764e-02 4.678096500838768712e-02 1.451032027004117708e-02 9.284271302211877241e-03 3.155717044727390785e-03
7.126427896022379116e+01 8.631523418166420214e-03 2.675084901449431563e-02 4.701064015764755410e-03 3.387603941961359055e-03 1.054325723914617541e-03
8.971641173621409848e+01 7.004774042933981093e-03 1.964741623703392115e-02 4.169006100082528476e-03 2.893323175277906500e-03 9.227753879388345126e-04
