1.129462705897083669e-01 4.243658835589318915e+04 -1.000000000000000000e+00 1.319576832078120788e+04 3.087951681390577960e+03 3.573696409465980537e+02
1.421909302127640218e-01 3.177936148066743772e+04 -1.000000000000000000e+00 9.322679483493229782e+03 2.171785252938427675e+03 2.901667993724904022e+02
1.790077753714996445e-01 2.102762681706372678e+04 -1.000000000000000000e+00 6.525389483265535091e+03 1.514460115187725933e+03 2.219951811105891295e+02
2.253574373239229933e-01 1.382405461304501841e+04 -1.000000000000000000e+00 4.134572504069871684e+03 1.051257063273418225e+03 1.724227629995006623e+02
2.837082045838980049e-01 9.062734583319272133e+03 -1.000000000000000000e+00 2.682313321775821805e+03 7.395811032718248725e+02 1.282982013074721692e+02
3.571674682851676552e-01 5.537360408092846228e+03 -1.000000000000000000e+00 1.779110018091808797e+03 5.234113513844973795e+02 9.198247953880394334e+01
4.496472020903848343e-01 3.481319832686294376e+03 -1.000000000000000000e+00 1.116065923843204018e+03 3.685914704402825350e+02 6.544225624328171875e+01
5.660722890537328578e-01 2.037209150871568454e+03 -1.000000000000000000e+00 6.830719477213569917e+02 2.565517585867635830e+02 4.485101482077136126e+01
7.126427896022373698e-01 1.212535936223291628e+03 -1.000000000000000000e+00 4.168126129324903673e+02 1.754424452416194811e+02 2.996761189798262492e+01
8.971641173621407450e-01 6.832131343679127440e+02 -1.000000000000000000e+00 2.418682177046459572e+02 1.156656183265567961e+02 1.939411357222775578e+01
1.129462705897083641e+00 3.875429164625217595e+02 -1.000000000000000000e+00 1.322731699664268206e+02 7.394393677929161868e+01 1.206824544998608673e+01
1.421909302127640773e+00 2.173538769617347270e+02 1.027315203468234550e+01 6.942898392451051848e+01 4.432484484403065750e+01 7.343120461013349143e+00
1.790077753714996778e+00 7.328416995688715474e+01 2.442481947134950460e+01 3.312186047149156565e+01 2.461371237772596032e+01 4.424237252303290902e+00
2.253574373239230155e+00 2.464801083976401586e+01 3.864362869076844476e+01 1.532255981411936219e+01 1.279807110627732136e+01 2.741937592720124162e+00
2.837082045838980271e+00 1.239363723060368905e+01 3.235133528357977184e+01 7.876332423118293846e+00 6.649991137633984195e+00 1.764940861173783127e+00
3.571674682851676330e+00 7.886476069948512801e+00 1.927170250441529120e+01 5.000859912261597984e+00 3.768382334339200668e+00 1.202129131068260470e+00
4.496472020903849121e+00 5.662547846004409635e+00 1.664617423528405382e+01 3.512793402020879086e+00 2.416540523249263384e+00 8.427104903608910735e-01
5.660722890537329022e+00 3.968278616574727913e+00 1.257872385718389197e+01 2.423628495648132208e+00 1.639411833871894153e+00 5.943976470627962971e-01
7.126427896022375919e+00 2.711992275506531769e+00 8.178447529374860636e+00 1.668385447791528531e+00 1.126913742207927616e+00 4.179153882753214866e-01
8.971641173621408782e+00 1.848402744375697626e+00 5.305531336944253162e+00 1.140626540892688112e+00 7.663955414462835236e-01 2.884210808422045247e-01
1.129462705897083730e+01 1.247859671555598293e+00 3.554811323707578907e+00 7.675723108707404041e-01 5.138549283754154651e-01 1.949598268219667752e-01
1.421909302127640728e+01 8.192914013265906181e-01 2.088843657502960305e+00 5.051875061818735801e-01 3.394209182104863665e-01 1.291573567965913494e-01
1.790077753714997399e+01 5.114707532691140646e-01 1.262808932950099106e+00 3.205619808170827589e-01 2.163495203598009287e-01 8.264312438652021697e-02
2.253574373239231221e+01 3.199590324814076681e-01 7.414879746301845653e-01 2.022278979649820840e-01 1.342342795945539180e-01 5.148955759444207025e-02
2.837082045838980804e+01 1.910924303395378221e-01 4.610723265721459185e-01 1.187715418901844622e-01 8.026769820927159849e-02 3.033950173760135982e-02
3.571674682851676152e+01 1.134522758254934427e-01 2.956107407646468843e-01 6.921924572942206311e-02 4.559677310443821519e-02 1.702842299560947126e-02
4.496472020903848943e+01 5.708584635495772552e-02 1.405845346624505776e-01 3.516589782703882783e-02 2.316776332959147311e-02 8.713698372871281350e-03
5.660722890537330443e+01 2.607539799456026763e-02 6.503648569306541560e-02 1.716415145387517605e-02 1.095387580196272026e-02 4.344392657661844126e-03
7.126427896022379116e+01 1.177275722691639714e-02 2.740407539787637070e-02 7.832151383319940763e-03 4.984113628921038597e-03 2.028497694733122358e-03
8.971641173621409848e+01 7.815198369495846009e-03 1.884820221571970045e-02 4.367018103125896999e-03 3.176471506624700680e-03 1.152215810196199897e-03
