1.129462705897083669e-01 4.545517013913591654e+04 -1.000000000000000000e+00 1.404014719577603319e+04 3.160091447289396456e+03 3.463406791748602132e+02
1.421909302127640218e-01 3.318784727477910201e+04 -1.000000000000000000e+00 9.036750503312005094e+03 2.175748386011168350e+03 2.872235452368217352e+02
1.790077753714996445e-01 2.106512835137065122e+04 -1.000000000000000000e+00 6.327647729893092219e+03 1.530071291261071337e+03 2.213655561235876519e+02
2.253574373239229933e-01 1.412006119628424676e+04 -1.000000000000000000e+00 4.140207994358196629e+03 1.075058769704589622e+03 1.701507309602038447e+02
2.837082045838980049e-01 9.226452343572040263e+03 -1.000000000000000000e+00 2.760406897130290417e+03 7.559295805283716163e+02 1.268612533793329504e+02
3.571674682851676552e-01 5.669348790587705480e+03 -1.000000000000000000e+00 1.742405380653407974e+03 5.273219750772983616e+02 9.222027480761497031e+01
4.496472020903848343e-01 3.447368980325485154e+03 -1.000000000000000000e+00 1.071306198906903319e+03 3.762543586402974825e+02 6.552624973392870800e+01
5.660722890537328578e-01 2.087661512012910407e+03 -1.000000000000000000e+00 6.924821469451162557e+02 2.608457974081086945e+02 4.493862097812122158e+01
7.126427896022373698e-01 1.205045248724649582e+03 -1.000000000000000000e+00 4.275951389838605223e+02 1.774468319798111509e+02 3.007509872943968077e+01
8.971641173621407450e-01 6.953615265021604728e+02 -1.000000000000000000e+00 2.437708615917652821e+02 1.167805257485145063e+02 1.941569056210602540e+01
1.129462705897083641e+00 3.814209688579649651e+02 -1.000000000000000000e+00 1.322352001550802356e+02 7.394049550417734906e+01 1.210032970241296013e+01
1.421909302127640773e+00 2.163847785520743230e+02 1.021651435374127637e+01 6.827286786879244573e+01 4.412434667285925372e+01 7.332352458077975754e+00
1.790077753714996778e+00 7.438540145573144002e+01 2.991865589940706727e+01 3.247427998704694119e+01 2.442207396995294033e+01 4.422582238051743886e+00
2.253574373239230155e+00 2.445354001935782051e+01 2.858334072469489584e+01 1.522270119648748832e+01 1.261873040272337221e+01 2.746283304795286817e+00
2.837082045838980271e+00 1.237470383132283480e+01 3.430188737919738884e+01 8.158547131329612512e+00 6.499639247300260436e+00 1.773350169646321195e+00
3.571674682851676330e+00 8.096850427290084085e+00 2.093914054397776781e+01 5.051116133774947947e+00 3.689648281780554484e+00 1.208866663684573073e+00
4.496472020903849121e+00 5.512263585355846374e+00 1.212380112334377991e+01 3.429880859793848380e+00 2.386547847225298558e+00 8.419647643696062111e-01
5.660722890537329022e+00 3.864138242803051959e+00 1.073280497997538241e+01 2.380500601848058118e+00 1.632347144758474311e+00 5.954492053865705348e-01
7.126427896022375919e+00 2.692292007892473027e+00 7.998689986830541443e+00 1.660828617251886907e+00 1.125995395794772591e+00 4.162356570617160578e-01
8.971641173621408782e+00 1.836038197052823673e+00 4.961275348442252486e+00 1.152921693880635701e+00 7.714426038776955874e-01 2.883572786833923374e-01
1.129462705897083730e+01 1.231828643279897939e+00 3.509547511658489327e+00 7.548886205914338010e-01 5.186119731293539203e-01 1.949419942798813477e-01
1.421909302127640728e+01 7.931675098234178822e-01 2.078933190101977857e+00 5.057502422146715748e-01 3.386085136084924230e-01 1.286563934066946580e-01
1.790077753714997399e+01 5.140046542554612685e-01 1.355439422154822271e+00 3.188368556086238481e-01 2.161689803869109028e-01 8.256355777744839308e-02
2.253574373239231221e+01 3.239476510683019228e-01 8.285322028882833312e-01 2.003729726710281600e-01 1.344883668075647076e-01 5.132992931168134376e-02
2.837082045838980804e+01 1.922764933928486908e-01 4.727947414601172405e-01 1.189869124082483243e-01 8.024429419924983264e-02 3.076746143210495887e-02
3.571674682851676152e+01 1.075545532881119204e-01 2.682238662841336385e-01 6.798462293880414009e-02 4.498249573912826982e-02 1.733905835233273685e-02
4.496472020903848943e+01 5.726974628475622886e-02 1.249225746671560611e-01 3.553798587195600156e-02 2.454225671370324768e-02 9.211070367926232905e-03
5.660722890537330443e+01 2.734687546115943668e-02 5.950784364625927303e-02 1.762141398579997187e-02 1.237060919839216844e-02 4.704877204506630051e-03
7.126427896022379116e+01 1.223354731269821194e-02 2.268775261222022444e-02 7.419410736402065609e-03 5.536926056512792016e-03 1.997846270888503639e-03
8.971641173621409848e+01 6.653308074936470362e-03 1.946739207948344763e-02 4.428145960988061347e-03 2.590987160191682293e-03 1.028057166382545518e-03
