1.129462705897083669e-01 4.659915773770457599e+04 -1.000000000000000000e+00 1.357757034473812200e+04 3.202103080653708275e+03 3.458393627306903113e+02
1.421909302127640218e-01 3.109023464782214796e+04 -1.000000000000000000e+00 9.101864825625058074e+03 2.135685107547978532e+03 2.860749582570485927e+02
1.790077753714996445e-01 2.105987887638750908e+04 -1.000000000000000000e+00 6.453697325117485889e+03 1.519825434876296413e+03 2.261866845954848486e+02
2.253574373239229933e-01 1.416209436337963052e+04 -1.000000000000000000e+00 4.142436733779644783e+03 1.061756943329495016e+03 1.714850989832829100e+02
2.837082045838980049e-01 9.147544836476756245e+03 -1.000000000000000000e+00 2.781840361447078521e+03 7.455432518250941030e+02 1.284337624327683329e+02
3.571674682851676552e-01 5.706852391560537399e+03 -1.000000000000000000e+00 1.754980458865285073e+03 5.311221217078847303e+02 9.240598158897215342e+01
4.496472020903848343e-01 3.445781976019036392e+03 -1.000000000000000000e+00 1.110094672958829051e+03 3.735546948700580288e+02 6.509379676181379182e+01
5.660722890537328578e-01 2.083279067829676933e+03 -1.000000000000000000e+00 7.026641846688579562e+02 2.597697998355146183e+02 4.502565826431946050e+01
7.126427896022373698e-01 1.195295170404722967e+03 -1.000000000000000000e+00 4.185050795091319173e+02 1.754693343421847089e+02 3.007680939519231345e+01
8.971641173621407450e-01 6.827735289985922691e+02 -1.000000000000000000e+00 2.428929929650523718e+02 1.160948986680902664e+02 1.924007386965308797e+01
1.129462705897083641e+00 3.815698826813575124e+02 -1.000000000000000000e+00 1.312717603230238694e+02 7.349347479341119538e+01 1.207762722915555287e+01
1.421909302127640773e+00 2.151447249803159707e+02 2.241439715686444956e+01 6.850356184533769976e+01 4.416625206594081732e+01 7.290249566600666142e+00
1.790077753714996778e+00 7.531881310538884122e+01 3.420499081429755250e+01 3.273732625531305018e+01 2.475550130717690323e+01 4.402218367043581715e+00
2.253574373239230155e+00 2.494461908171031439e+01 2.840715326015212838e+01 1.473814172386860477e+01 1.286488480632185727e+01 2.714438792244507681e+00
2.837082045838980271e+00 1.212228688431748047e+01 3.363545100957593093e+01 8.052899038123914721e+00 6.624095309449374192e+00 1.773842708401563772e+00
3.571674682851676330e+00 8.073208134524453072e+00 2.374558880327214538e+01 5.125810996604000636e+00 3.786618229617667808e+00 1.206733300415811172e+00
4.496472020903849121e+00 5.494581047228153992e+00 1.806602745178157932e+01 3.440711712716635340e+00 2.392484259521570511e+00 8.425879052664333457e-01
5.660722890537329022e+00 3.779940410870221257e+00 1.022556889449734996e+01 2.396334086237154715e+00 1.624660889609724990e+00 5.939149598906445782e-01
7.126427896022375919e+00 2.683818382721431028e+00 7.741396877550323907e+00 1.656059537987207619e+00 1.120516541908280761e+00 4.146930642192800942e-01
8.971641173621408782e+00 1.808170498141052462e+00 4.732685232436134370e+00 1.122529768659781269e+00 7.637501320964614759e-01 2.866601984165759731e-01
1.129462705897083730e+01 1.187787392814296794e+00 3.052774725839431547e+00 7.577813597710174598e-01 5.104252264362434399e-01 1.951491453962757028e-01
1.421909302127640728e+01 8.254193388948700694e-01 2.266308403382588210e+00 5.085389347090354395e-01 3.413989353942739058e-01 1.296210628963316847e-01
1.790077753714997399e+01 5.064125356684512358e-01 1.141636941203095112e+00 3.211969938463588026e-01 2.141252517118996668e-01 8.280008989577947176e-02
2.253574373239231221e+01 3.097778506398518594e-01 7.629588379461187397e-01 1.900019478060044342e-01 1.312241393488966512e-01 5.072807072927165706e-02
2.837082045838980804e+01 1.836798090828108965e-01 4.930090158595945571e-01 1.165585820200762956e-01 7.538947500356973919e-02 2.939540887399716418e-02
3.571674682851676152e+01 1.009482266692922625e-01 2.439275087973213907e-01 6.160359445536611744e-02 4.188569550383003381e-02 1.597824095580890891e-02
4.496472020903848943e+01 5.230220986004807671e-02 1.334105445364908160e-01 3.280604389226415840e-02 2.161148922691613627e-02 8.169471063077970996e-03
5.660722890537330443e+01 2.061268898843171549e-02 3.915369576251648276e-02 1.365387295397657574e-02 9.592089664052450004e-03 3.736868417899996686e-03
7.126427896022379116e+01 7.150353255984009948e-03 1.237465007927118776e-02 4.444897234086475635e-03 3.779990893169937749e-03 1.432509301956486070e-03
8.971641173621409848e+01 6.929656717654442133e-03 1.843716550063700943e-02 4.399702377326786262e-03 2.844028420013744451e-03 1.070018481595713666e-03
