1.129462705897083669e-01 4.522601371296881553e+04 -1.000000000000000000e+00 1.378389330944158974e+04 3.128275516000366224e+03 3.415423646378054627e+02
1.421909302127640218e-01 3.067498759701202289e+04 -1.000000000000000000e+00 9.048470523438492819e+03 2.182369846013707047e+03 2.954072274677053542e+02
1.790077753714996445e-01 2.140158973097448325e+04 -1.000000000000000000e+00 6.576162330376526370e+03 1.509983926962208898e+03 2.272660417160588509e+02
2.253574373239229933e-01 1.406632805018215367e+04 -1.000000000000000000e+00 4.183778532146995531e+03 1.065594503481899210e+03 1.735858270196168860e+02
2.837082045838980049e-01 9.040099880013245638e+03 -1.000000000000000000e+00 2.815606112845869120e+03 7.451106239295550040e+02 1.281490840696464204e+02
3.571674682851676552e-01 5.534469450220519320e+03 -1.000000000000000000e+00 1.793259835818855436e+03 5.217437334332415730e+02 9.349078095811961475e+01
4.496472020903848343e-01 3.431413005343928035e+03 -1.000000000000000000e+00 1.143451139075182255e+03 3.702533744161692653e+02 6.611760930997034791e+01
5.660722890537328578e-01 2.061392241519477466e+03 -1.000000000000000000e+00 6.730041037513644824e+02 2.566010401243415799e+02 4.545003614342981990e+01
7.126427896022373698e-01 1.190872163815973636e+03 -1.000000000000000000e+00 4.173288497097149730e+02 1.740505408328329509e+02 3.016604912528795523e+01
8.971641173621407450e-01 6.892672251024627030e+02 -1.000000000000000000e+00 2.389017538573648096e+02 1.147679359195156508e+02 1.937496577988544999e+01
1.129462705897083641e+00 3.825110795312475602e+02 -1.000000000000000000e+00 1.347776278821161497e+02 7.231863288423276970e+01 1.211587051218222832e+01
1.421909302127640773e+00 2.147549332513995353e+02 1.042426498742901408e+01 7.053663723908010752e+01 4.337095711726327352e+01 7.343264034385819983e+00
1.790077753714996778e+00 7.661917980121044991e+01 5.053126188747017267e+01 3.315244465931470330e+01 2.424123499480465327e+01 4.432602269987739874e+00
2.253574373239230155e+00 2.465305021259725038e+01 3.774021588605539534e+01 1.519061500856008351e+01 1.243300450542300695e+01 2.727823044476000547e+00
2.837082045838980271e+00 1.239422204446408138e+01 2.344990575636613883e+01 7.694975734599720951e+00 6.407386274372629309e+00 1.763370611472435900e+00
3.571674682851676330e+00 8.235003588865318136e+00 2.458919484182722925e+01 5.041849270915709447e+00 3.691179817094787374e+00 1.203261489491170178e+00
4.496472020903849121e+00 5.499262702861399177e+00 1.471511360981188865e+01 3.433135065129795827e+00 2.384921347218166954e+00 8.462734034303627251e-01
5.660722890537329022e+00 3.878725043028389941e+00 1.176489906425092435e+01 2.391466103876186189e+00 1.634480344979161170e+00 5.945350294459130769e-01
7.126427896022375919e+00 2.759151106329871261e+00 8.346854727701510157e+00 1.642648629304065189e+00 1.135218483311307480e+00 4.169263383593413419e-01
8.971641173621408782e+00 1.816225114957825681e+00 4.480438580807505566e+00 1.140617954342823648e+00 7.655140164375413558e-01 2.870942388586636973e-01
1.129462705897083730e+01 1.235719128553854240e+00 3.216965000042574019e+00 7.674804498140055387e-01 5.194654453719897980e-01 1.952610105799605922e-01
1.421909302127640728e+01 8.182866473891556858e-01 2.124536474061832880e+00 5.025199607139723135e-01 3.406016490273588992e-01 1.290809757624364895e-01
1.790077753714997399e+01 5.025321156309765502e-01 1.164312999273740878e+00 3.175459132180156185e-01 2.156376175148593255e-01 8.214042280225553050e-02
2.253574373239231221e+01 3.166644611478515170e-01 7.806151079479524135e-01 2.004577625973678057e-01 1.322397885113852922e-01 5.123686165007157456e-02
2.837082045838980804e+01 1.842019375808587878e-01 4.454208991263532980e-01 1.164873407948516792e-01 7.766997440916134643e-02 2.992199154650587722e-02
3.571674682851676152e+01 1.034044991944726988e-01 2.726119293872100169e-01 6.330674716488626785e-02 4.273124478287915196e-02 1.624990506504908616e-02
4.496472020903848943e+01 4.594178731524500847e-02 1.007804866459036663e-01 2.926773532304816072e-02 2.056595334944444353e-02 7.937488987241225757e-03
5.660722890537330443e+01 1.784407664895604206e-02 2.553742269385916863e-02 1.147932012412278269e-02 8.406611350081805156e-03 3.568942489345916513e-03
7.126427896022379116e+01 4.761119828837312440e-03 1.041314529701309333e-02 3.602586523381079431e-03 2.543586600325165037e-03 1.139260421088250652e-03
8.971641173621409848e+01 7.141830402015658663e-03 2.054407730074503391e-02 4.089366623007961721e-03 2.615819278511510859e-03 8.290382993378919707e-04
