1.129462705897083669e-01 4.639261020922161697e+04 -1.000000000000000000e+00 1.238728684668386813e+04 3.225683466863446029e+03 3.540036591071715861e+02
1.421909302127640218e-01 3.161571428503126663e+04 -1.000000000000000000e+00 9.086695721632768254e+03 2.210460463889941821e+03 2.881926655010053082e+02
1.790077753714996445e-01 2.180359452704602882e+04 -1.000000000000000000e+00 6.276431245682731969e+03 1.538170444879006027e+03 2.215634382623595400e+02
2.253574373239229933e-01 1.396503601077180792e+04 -1.000000000000000000e+00 4.292827313629447417e+03 1.055772820165087978e+03 1.713678909812556981e+02
2.837082045838980049e-01 8.977707020955200278e+03 -1.000000000000000000e+00 2.699156783329925929e+03 7.459770299509709730e+02 1.254694924929590911e+02
3.571674682851676552e-01 5.594259555798702422e+03 -1.000000000000000000e+00 1.799613413275191988e+03 5.275093532254254569e+02 9.216139216962366731e+01
4.496472020903848343e-01 3.520063987386929966e+03 -1.000000000000000000e+00 1.105485221891737638e+03 3.734643882676994053e+02 6.486338218612003459e+01
5.660722890537328578e-01 2.036739783420133790e+03 -1.000000000000000000e+00 6.910035944320468388e+02 2.571240572520087539e+02 4.502281390856134635e+01
7.126427896022373698e-01 1.171414870493843637e+03 -1.000000000000000000e+00 4.149946340813090728e+02 1.747338836895586383e+02 3.001522542809755478e+01
8.971641173621407450e-01 6.785263841629414401e+02 -1.000000000000000000e+00 2.432138134817719788e+02 1.139612438976472504e+02 1.932952549656565111e+01
1.129462705897083641e+00 3.838043593957319217e+02 -1.000000000000000000e+00 1.319990472536715913e+02 7.239618574826789654e+01 1.209016014025979935e+01
1.421909302127640773e+00 2.136485348176170476e+02 1.043037258688552704e+01 6.947439999731119542e+01 4.340597643907483416e+01 7.340356673593269932e+00
1.790077753714996778e+00 7.501191591260325708e+01 2.477940567267578942e+01 3.328719307604758626e+01 2.421477454556226050e+01 4.415638373909384740e+00
2.253574373239230155e+00 2.412196745861866276e+01 3.776092704093066743e+01 1.518235044550080204e+01 1.231996946845621110e+01 2.716151832274136257e+00
2.837082045838980271e+00 1.196637964908499896e+01 2.346297707703960711e+01 7.855071761558116705e+00 6.311903048691664964e+00 1.769848173909503775e+00
3.571674682851676330e+00 8.024939596844841816e+00 2.135744035490552761e+01 5.016353224029908908e+00 3.656809304257522264e+00 1.212198062164773216e+00
4.496472020903849121e+00 5.557022101019073901e+00 1.418132498914183692e+01 3.495237751647762181e+00 2.375267647318192843e+00 8.432450975783873925e-01
5.660722890537329022e+00 3.928864221361759945e+00 1.014129061565315126e+01 2.443106616481972360e+00 1.631291665083042908e+00 5.959754112018211814e-01
7.126427896022375919e+00 2.720178206919227293e+00 7.534699618430702017e+00 1.676177157799702666e+00 1.132223521757613760e+00 4.148582860198883893e-01
8.971641173621408782e+00 1.823888559272062171e+00 4.801904443395014432e+00 1.143157249692419608e+00 7.651797575683358943e-01 2.871949076624333852e-01
1.129462705897083730e+01 1.239002314090954293e+00 3.105186500359887525e+00 7.693960055346655835e-01 5.193771391117205649e-01 1.955530632170068284e-01
1.421909302127640728e+01 8.119068069517336728e-01 2.166213206567288552e+00 5.100828477017587126e-01 3.386595832916583504e-01 1.295709198959960062e-01
1.790077753714997399e+01 5.237123948254458483e-01 1.277180834419688438e+00 3.276103091033795156e-01 2.181539739204114703e-01 8.303249347312458006e-02
2.253574373239231221e+01 3.282574500996859879e-01 8.590889080742660777e-01 2.061175643627599641e-01 1.343745643630394060e-01 5.169153853793551079e-02
2.837082045838980804e+01 1.841012775863919426e-01 4.217306677714804941e-01 1.187240900730544002e-01 7.798137238179991826e-02 2.983786231214713425e-02
3.571674682851676152e+01 1.020354572138235660e-01 2.639165878055456105e-01 6.358054730177387093e-02 4.321469906275554607e-02 1.629915472993670456e-02
4.496472020903848943e+01 5.719830609787712739e-02 1.252253497904407542e-01 3.443346777319633567e-02 2.339724579614710365e-02 8.577330400617144690e-03
5.660722890537330443e+01 3.024966714524990330e-02 8.351315727189145832e-02 1.874710299856197082e-02 1.184510765190216475e-02 4.301660763365466877e-03
7.126427896022379116e+01 1.049639660502488248e-02 1.317779831987331285e-02 6.397279650759868375e-03 4.331024948674100372e-03 1.661919700823633050e-03
8.971641173621409848e+01 7.158819342213185166e-03 2.468458240289495009e-02 4.052564599467123330e-03 2.431602883518069191e-03 8.364048408657787093e-04
