1.129462705897083669e-01 4.116968176428409060e+04 -1.000000000000000000e+00 1.171571881693284013e+04 3.225683466863446029e+03 3.540036591071715861e+02
1.421909302127640218e-01 2.845696762195691190e+04 -1.000000000000000000e+00 8.435016989821435345e+03 2.210460463889941821e+03 2.881926655010053082e+02
1.790077753714996445e-01 1.962679971207706330e+04 -1.000000000000000000e+00 5.838554394926131863e+03 1.538170444879006027e+03 2.215634382623595400e+02
2.253574373239229933e-01 1.278956743543067751e+04 -1.000000000000000000e+00 3.859307253895598478e+03 1.055772820165087978e+03 1.713678909812556981e+02
2.837082045838980049e-01 8.248658839635072582e+03 -1.000000000000000000e+00 2.470161850787087587e+03 7.459770299509709730e+02 1.254694924929590911e+02
3.571674682851676552e-01 4.989890326074403674e+03 -1.000000000000000000e+00 1.645985167224109091e+03 5.275093532254254569e+02 9.216139216962366731e+01
4.496472020903848343e-01 3.128372209436216963e+03 -1.000000000000000000e+00 1.024185959783850876e+03 3.734643882676994053e+02 6.486338218612003459e+01
5.660722890537328578e-01 1.831157983159253490e+03 -1.000000000000000000e+00 6.254011542841506071e+02 2.571240572520087539e+02 4.502281390856134635e+01
7.126427896022373698e-01 1.067915251984974702e+03 -1.000000000000000000e+00 3.819448757876893978e+02 1.747338836895586383e+02 3.001522542809755478e+01
8.971641173621407450e-01 6.159414918586952581e+02 -1.000000000000000000e+00 2.237417104455765298e+02 1.139612438976472504e+02 1.932952549656565111e+01
1.129462705897083641e+00 3.530211777789214125e+02 1.040329583433301508e+01 1.215968871332726877e+02 7.239618574826789654e+01 1.209016014025979935e+01
1.421909302127640773e+00 1.932629197790724049e+02 4.715186293442763521e+00 6.537097237832335850e+01 4.340597643907483416e+01 7.340356673593269932e+00
1.790077753714996778e+00 7.436693967113096448e+01 3.050816248882596682e+01 3.138853033793085245e+01 2.421477454556226050e+01 4.415638373909384740e+00
2.253574373239230155e+00 2.416972086949189702e+01 3.488974726012099126e+01 1.469486523310299120e+01 1.231996946845621110e+01 2.716151832274136257e+00
2.837082045838980271e+00 1.199215407973773040e+01 2.849947235760658515e+01 7.910066607562498575e+00 6.311903048691664964e+00 1.769848173909503775e+00
3.571674682851676330e+00 8.389406536907587864e+00 2.352106361505767396e+01 5.038493765372564326e+00 3.656809304257522264e+00 1.212198062164773216e+00
4.496472020903849121e+00 5.699917920838164953e+00 1.689227588006002279e+01 3.523545294164435404e+00 2.375267647318192843e+00 8.432450975783873925e-01
5.660722890537329022e+00 3.944856492182504226e+00 1.104708660066560277e+01 2.429827229808436240e+00 1.631291665083042908e+00 5.959754112018211814e-01
7.126427896022375919e+00 2.802884972775921302e+00 8.896619770307941266e+00 1.669294161666263765e+00 1.132223521757613760e+00 4.148582860198883893e-01
8.971641173621408782e+00 1.846244464988183509e+00 5.052182674286563646e+00 1.148859183231569325e+00 7.651797575683358943e-01 2.871949076624333852e-01
1.129462705897083730e+01 1.255954947758600504e+00 3.299042529543548596e+00 7.783978748696260830e-01 5.193771391117205649e-01 1.955530632170068284e-01
1.421909302127640728e+01 8.248342701469082439e-01 2.183358765447616534e+00 5.134916287604642804e-01 3.386595832916583504e-01 1.295709198959960062e-01
1.790077753714997399e+01 5.479209917070702041e-01 1.560754296819121478e+00 3.378501669329581070e-01 2.181539739204114703e-01 8.303249347312458006e-02
2.253574373239231221e+01 3.400672359425662705e-01 9.437887116081515870e-01 2.116741762487261980e-01 1.343745643630394060e-01 5.169153853793551079e-02
2.837082045838980804e+01 1.926252500094025599e-01 4.411571495679531552e-01 1.219110864767509739e-01 7.798137238179991826e-02 2.983786231214713425e-02
3.571674682851676152e+01 1.058148409771071385e-01 2.574257180250891786e-01 6.722334412431463235e-02 4.321469906275554607e-02 1.629915472993670456e-02
4.496472020903848943e+01 6.243643215318739337e-02 1.631786622632953598e-01 3.798730989090959298e-02 2.339724579614710365e-02 8.577330400617144690e-03
5.660722890537330443e+01 3.326154481649012951e-02 8.731750040894392662e-02 1.979140758645248077e-02 1.184510765190216475e-02 4.301660763365466877e-03
7.126427896022379116e+01 1.137759537720017811e-02 3.501391808830489616e-02 7.304356149469226622e-03 4.331024948674100372e-03 1.661919700823633050e-03
8.971641173621409848e+01 8.507858527770251200e-03 3.424066030966321783e-02 4.867513450550031706e-03 2.431602883518069191e-03 8.364048408657787093e-04
