1.129462705897083669e-01 4.158723926772615232e+04 -1.000000000000000000e+00 1.306092473216389772e+04 3.132966649748706004e+03 3.503512107282194279e+02
1.421909302127640218e-01 2.843256264801153884e+04 -1.000000000000000000e+00 8.498678981163628123e+03 2.192816753684892319e+03 2.857160248258695106e+02
1.790077753714996445e-01 1.912895813858823749e+04 -1.000000000000000000e+00 5.635877858413069589e+03 1.523493236104251991e+03 2.222650203907326443e+02
2.253574373239229933e-01 1.274347924165306904e+04 -1.000000000000000000e+00 3.769435941399953208e+03 1.064048521017655503e+03 1.702138429612954269e+02
2.837082045838980049e-01 8.071415910980692388e+03 -1.000000000000000000e+00 2.501178708012663265e+03 7.412488090901584883e+02 1.270645950672771676e+02
3.571674682851676552e-01 5.056009508065219961e+03 -1.000000000000000000e+00 1.603817634213029351e+03 5.261100867516822746e+02 9.211383311586146760e+01
4.496472020903848343e-01 3.082782916622881203e+03 -1.000000000000000000e+00 1.023001593369471266e+03 3.711377979185987215e+02 6.562159369628474792e+01
5.660722890537328578e-01 1.813364506802438427e+03 -1.000000000000000000e+00 6.455666438738351189e+02 2.583174421571181369e+02 4.477364834415070050e+01
7.126427896022373698e-01 1.100568845073096554e+03 -1.000000000000000000e+00 3.810755034561058210e+02 1.773479168557742867e+02 3.013297625407040314e+01
8.971641173621407450e-01 6.155930724189328203e+02 -1.000000000000000000e+00 2.217372410056222805e+02 1.164662996396247507e+02 1.935453194178881020e+01
1.129462705897083641e+00 3.536649704498378242e+02 -1.000000000000000000e+00 1.224815835335710972e+02 7.434992975619886124e+01 1.206717120046286595e+01
1.421909302127640773e+00 1.919044989507802086e+02 4.704508694105114408e+00 6.440030771617557548e+01 4.519862866825218362e+01 7.335905899046649026e+00
1.790077753714996778e+00 7.450298200702465579e+01 3.044929624761399012e+01 3.086700606088869137e+01 2.548107869221140831e+01 4.415746309621441767e+00
2.253574373239230155e+00 2.543122866889435230e+01 2.765815597430212236e+01 1.453283023904657867e+01 1.345890989305865837e+01 2.731424936538298098e+00
2.837082045838980271e+00 1.271373547544934546e+01 3.347144459268657357e+01 7.986406396631522853e+00 7.019977129972824414e+00 1.766056981105387891e+00
3.571674682851676330e+00 8.403956307931883529e+00 1.879615911458207123e+01 5.129003943659719233e+00 3.983429460754165596e+00 1.204045081519823590e+00
4.496472020903849121e+00 5.919010016491085935e+00 1.794120242588514103e+01 3.491489092260432692e+00 2.494452013144066616e+00 8.447745736411822470e-01
5.660722890537329022e+00 4.210832655326400165e+00 1.427935252260193622e+01 2.472092359771456582e+00 1.669542168796292803e+00 5.965872321253913313e-01
7.126427896022375919e+00 2.894273694170623745e+00 8.787505013268916088e+00 1.709536483456302491e+00 1.149741857271424639e+00 4.170777322784491314e-01
8.971641173621408782e+00 1.927233627660331017e+00 5.722177214199732909e+00 1.155766089865926549e+00 7.782094579295868453e-01 2.873119378260777790e-01
1.129462705897083730e+01 1.253802983508955471e+00 3.268246708535103018e+00 7.738093786278552599e-01 5.199538540642505424e-01 1.949556372488261413e-01
1.421909302127640728e+01 8.357309412486950695e-01 2.320024059969174157e+00 5.159048679890425593e-01 3.416476458066908251e-01 1.291964984872615574e-01
1.790077753714997399e+01 5.700977152622455080e-01 1.727511692747605299e+00 3.460269083063103324e-01 2.214582951545303047e-01 8.350095245273903011e-02
2.253574373239231221e+01 3.515600897034061312e-01 9.860102090191360524e-01 2.160877977954829277e-01 1.354032464493599708e-01 5.139508794480818210e-02
2.837082045838980804e+01 2.023526306526266527e-01 5.828138308808610279e-01 1.237934891949545868e-01 8.020766326210027053e-02 2.978488502438136898e-02
3.571674682851676152e+01 1.156310026995075457e-01 3.087060825567342626e-01 7.004093598683391875e-02 4.532673547148946547e-02 1.658738411054572204e-02
4.496472020903848943e+01 5.807818278938325918e-02 1.563153099992731221e-01 3.632716977326588825e-02 2.299596448609397825e-02 8.840991642993900612e-03
5.660722890537330443e+01 3.160143773037149550e-02 7.678750617863072669e-02 1.963525721016345926e-02 1.196081198612519714e-02 4.388070300247903788e-03
7.126427896022379116e+01 1.448739887655858816e-02 4.893959977852713195e-02 9.292820877769170096e-03 4.853591061705353482e-03 1.983755374528550774e-03
8.971641173621409848e+01 1.051504194918506663e-02 3.292157511299631523e-02 6.048832074470933406e-03 3.373803777604988952e-03 1.159125734034205379e-03
