1.129462705897083669e-01 4.194088524045334634e+04 -1.000000000000000000e+00 1.287556107878061084e+04 3.137070883345682887e+03 3.598046065325661402e+02
1.421909302127640218e-01 2.778053935342416662e+04 -1.000000000000000000e+00 8.653454811151177637e+03 2.192030089996196693e+03 2.878696254129441172e+02
1.790077753714996445e-01 1.964027096247822556e+04 -1.000000000000000000e+00 5.734893069523529448e+03 1.511391498104109360e+03 2.249634131921676499e+02
2.253574373239229933e-01 1.239212748922665560e+04 -1.000000000000000000e+00 3.933064872240282511e+03 1.056941282908893527e+03 1.740276110272579331e+02
2.837082045838980049e-01 8.040125401871025133e+03 -1.000000000000000000e+00 2.560605193379150478e+03 7.517076691498231185e+02 1.278915179315837065e+02
3.571674682851676552e-01 5.115192820424358615e+03 -1.000000000000000000e+00 1.633593894298343002e+03 5.311825159133978786e+02 9.360628151725639157e+01
4.496472020903848343e-01 3.164269598167715230e+03 -1.000000000000000000e+00 1.018949679473509036e+03 3.762889898598901937e+02 6.537074827151468526e+01
5.660722890537328578e-01 1.858892874799253832e+03 -1.000000000000000000e+00 6.250703409970876692e+02 2.620466497332710674e+02 4.510530022554660690e+01
7.126427896022373698e-01 1.085363702605822937e+03 -1.000000000000000000e+00 3.782523649714741509e+02 1.789601417644873607e+02 3.016348312665900977e+01
8.971641173621407450e-01 6.256581889967836787e+02 -1.000000000000000000e+00 2.230499581839439713e+02 1.188524884697131512e+02 1.946541766460693879e+01
1.129462705897083641e+00 3.542350583244452196e+02 -1.000000000000000000e+00 1.246775026302985765e+02 7.591936434349231888e+01 1.213119647204685059e+01
1.421909302127640773e+00 1.933115274630841327e+02 -1.000000000000000000e+00 6.355697916144177384e+01 4.600313899707641241e+01 7.406687571675167447e+00
1.790077753714996778e+00 7.446688558579101880e+01 2.152205868529024357e+01 3.135869204357756956e+01 2.600694829442523215e+01 4.461079308685550693e+00
2.253574373239230155e+00 2.582632085916221243e+01 2.863039175618812493e+01 1.462569193588815608e+01 1.370410920438188640e+01 2.748591400835207477e+00
2.837082045838980271e+00 1.230831769820087906e+01 2.516494479982491583e+01 7.785966172685650832e+00 7.081541216013635065e+00 1.778659647053753901e+00
3.571674682851676330e+00 8.213896979043120439e+00 1.991077410356314203e+01 5.116400392641703654e+00 3.961763392519252136e+00 1.210959262050109952e+00
4.496472020903849121e+00 5.925228986329616809e+00 1.516439636208871633e+01 3.543412208563807120e+00 2.499361162451991802e+00 8.522176454643934917e-01
5.660722890537329022e+00 4.188701883877418375e+00 1.324420060829890389e+01 2.489295699913677051e+00 1.696598344834131300e+00 6.020594881684235844e-01
7.126427896022375919e+00 2.937910302956889375e+00 8.860759631757842314e+00 1.698077456852074452e+00 1.169776346933150801e+00 4.192713759952411134e-01
8.971641173621408782e+00 1.932608169844879598e+00 5.887614240369662078e+00 1.161925230413761945e+00 7.811992273845811408e-01 2.898853868274864354e-01
1.129462705897083730e+01 1.255791725873250719e+00 3.908990699386784229e+00 7.678852576379506800e-01 5.203255121191345811e-01 1.952351211664509201e-01
1.421909302127640728e+01 8.229264576886163862e-01 2.269196937632655064e+00 5.121867124701726670e-01 3.426084223980598864e-01 1.294738642962052211e-01
1.790077753714997399e+01 5.365975029999057178e-01 1.483056970053242107e+00 3.374522776762307608e-01 2.206493903876518559e-01 8.404415691295308299e-02
2.253574373239231221e+01 3.418433327133731936e-01 8.780024489279225630e-01 2.141904506799257035e-01 1.357381872997145411e-01 5.181134314800761587e-02
2.837082045838980804e+01 1.975681596071687807e-01 4.984734602926779168e-01 1.255752209918332696e-01 7.826097923144503810e-02 3.030282793450456147e-02
3.571674682851676152e+01 1.022440540731133218e-01 2.227486552083526306e-01 6.679089490702394549e-02 4.267711115319783310e-02 1.648135572961662021e-02
4.496472020903848943e+01 5.382784794883344048e-02 1.354156213897914629e-01 3.321284197946750005e-02 2.211615525732013587e-02 8.297039582139564828e-03
5.660722890537330443e+01 2.538927469671903303e-02 6.582231051596276750e-02 1.600256737210847824e-02 1.018896339841846022e-02 3.900255607971025995e-03
7.126427896022379116e+01 9.522933656584520179e-03 2.627752167448793585e-02 5.993826414605107900e-03 3.807319497631134197e-03 1.487600009520750888e-03
8.971641173621409848e+01 5.284571133310711488e-03 1.619144906129399430e-02 2.999080438994106146e-03 2.445185364094326630e-03 7.010598852927873992e-04
