1.129462705897083669e-01 3.919221300035732565e+04 -1.000000000000000000e+00 1.215989295796719853e+04 3.087951681390577960e+03 3.573696409465980537e+02
1.421909302127640218e-01 2.867246456113211025e+04 -1.000000000000000000e+00 8.803511976021829469e+03 2.171785252938427675e+03 2.901667993724904022e+02
1.790077753714996445e-01 1.936862096436804131e+04 -1.000000000000000000e+00 5.930137138259885432e+03 1.514460115187725933e+03 2.219951811105891295e+02
2.253574373239229933e-01 1.237991807208858700e+04 -1.000000000000000000e+00 3.934492970395649081e+03 1.051257063273418225e+03 1.724227629995006623e+02
2.837082045838980049e-01 8.238426396774202658e+03 -1.000000000000000000e+00 2.505037366583424955e+03 7.395811032718248725e+02 1.282982013074721692e+02
3.571674682851676552e-01 5.045448476378347550e+03 -1.000000000000000000e+00 1.614426283118354377e+03 5.234113513844973795e+02 9.198247953880394334e+01
4.496472020903848343e-01 3.158109132328858323e+03 -1.000000000000000000e+00 1.032628948255157184e+03 3.685914704402825350e+02 6.544225624328171875e+01
5.660722890537328578e-01 1.845537416543727431e+03 -1.000000000000000000e+00 6.275030780185016965e+02 2.565517585867635830e+02 4.485101482077136126e+01
7.126427896022373698e-01 1.093638706322482676e+03 -1.000000000000000000e+00 3.758561304587132668e+02 1.754424452416194811e+02 2.996761189798262492e+01
8.971641173621407450e-01 6.251261095292784375e+02 -1.000000000000000000e+00 2.221341132816874335e+02 1.156656183265567961e+02 1.939411357222775578e+01
1.129462705897083641e+00 3.571848327785791071e+02 -1.000000000000000000e+00 1.221272674402348173e+02 7.394393677929161868e+01 1.206824544998608673e+01
1.421909302127640773e+00 1.938779315463673640e+02 4.636576017341172751e+00 6.416619001315660853e+01 4.432484484403065750e+01 7.343120461013349143e+00
1.790077753714996778e+00 7.305132703019302198e+01 2.159983953008844892e+01 3.163194741632771922e+01 2.461371237772596032e+01 4.424237252303290902e+00
2.253574373239230155e+00 2.502363221279055949e+01 3.014856539988949535e+01 1.483665237519625180e+01 1.279807110627732136e+01 2.741937592720124162e+00
2.837082045838980271e+00 1.291271378266311132e+01 3.589934967544996169e+01 7.840519098837001266e+00 6.649991137633984195e+00 1.764940861173783127e+00
3.571674682851676330e+00 8.035790119984756785e+00 1.820477079365659279e+01 4.970795034214672725e+00 3.768382334339200668e+00 1.202129131068260470e+00
4.496472020903849121e+00 5.765846720408418946e+00 1.896334862981630209e+01 3.516841557170703680e+00 2.416540523249263384e+00 8.427104903608910735e-01
5.660722890537329022e+00 4.074583948218740481e+00 1.275739127635736381e+01 2.428249841810032894e+00 1.639411833871894153e+00 5.943976470627962971e-01
7.126427896022375919e+00 2.726522877802847855e+00 7.954582955487669693e+00 1.680305196483896424e+00 1.126913742207927616e+00 4.179153882753214866e-01
8.971641173621408782e+00 1.889901733265388462e+00 6.090917802399943071e+00 1.159652822344952483e+00 7.663955414462835236e-01 2.884210808422045247e-01
1.129462705897083730e+01 1.270917910689585373e+00 3.779740277964743100e+00 7.774060317807418574e-01 5.138549283754154651e-01 1.949598268219667752e-01
1.421909302127640728e+01 8.494892779276816963e-01 2.421401642526089137e+00 5.203784896881600286e-01 3.394209182104863665e-01 1.291573567965913494e-01
1.790077753714997399e+01 5.384004930095822594e-01 1.435132709367023196e+00 3.316864273366193494e-01 2.163495203598009287e-01 8.264312438652021697e-02
2.253574373239231221e+01 3.315121248090591166e-01 8.788248311660609158e-01 2.093807412938355483e-01 1.342342795945539180e-01 5.148955759444207025e-02
2.837082045838980804e+01 2.017152223133735767e-01 5.646743468147557010e-01 1.235409813513455024e-01 8.026769820927159849e-02 3.033950173760135982e-02
3.571674682851676152e+01 1.176422295976762289e-01 3.432670238452020239e-01 7.183578757855069163e-02 4.559677310443821519e-02 1.702842299560947126e-02
4.496472020903848943e+01 5.726948879834270478e-02 1.537746042928649359e-01 3.511124773251617093e-02 2.316776332959147311e-02 8.713698372871281350e-03
5.660722890537330443e+01 2.709404237375512281e-02 7.432719149008604198e-02 1.741607117757881795e-02 1.095387580196272026e-02 4.344392657661844126e-03
7.126427896022379116e+01 1.148652742612710220e-02 3.609002086469947912e-02 7.480885992944941165e-03 4.984113628921038597e-03 2.028497694733122358e-03
8.971641173621409848e+01 6.099405912421529408e-03 1.310366121124384442e-02 3.347356644462395892e-03 3.176471506624700680e-03 1.152215810196199897e-03
