1.129462705897083669e-01 4.116376922785815259e+04 -1.000000000000000000e+00 1.199617638204623836e+04 3.092394554340779450e+03 3.545049755513414880e+02
1.421909302127640218e-01 2.843512726134265176e+04 -1.000000000000000000e+00 8.367736437760095214e+03 2.166051953908966880e+03 2.850340513066291805e+02
1.790077753714996445e-01 1.988827601693982069e+04 -1.000000000000000000e+00 5.881599285163312743e+03 1.524674528876796785e+03 2.245136810585951537e+02
2.253574373239229933e-01 1.256923148066460999e+04 -1.000000000000000000e+00 3.784603288341510961e+03 1.066250858040415778e+03 1.707187389700280562e+02
2.837082045838980049e-01 8.099824926947136191e+03 -1.000000000000000000e+00 2.600145947093569248e+03 7.355045319539491402e+02 1.265313879744456358e+02
3.571674682851676552e-01 5.122694537220252641e+03 -1.000000000000000000e+00 1.603506020288758691e+03 5.261514539016047820e+02 9.292460174666477712e+01
4.496472020903848343e-01 3.112275204462499005e+03 -1.000000000000000000e+00 1.023767632257903642e+03 3.732832080210475283e+02 6.516870987509354052e+01
5.660722890537328578e-01 1.870400039205167786e+03 -1.000000000000000000e+00 6.350932715058754638e+02 2.588828487969005892e+02 4.512748620045987735e+01
7.126427896022373698e-01 1.098750358877442977e+03 -1.000000000000000000e+00 3.772943705890260162e+02 1.773151143760369166e+02 2.981621797887467906e+01
8.971641173621407450e-01 6.282600326208315664e+02 -1.000000000000000000e+00 2.205689885050701946e+02 1.167415661292098434e+02 1.931823687272205348e+01
1.129462705897083641e+00 3.632709933410947087e+02 -1.000000000000000000e+00 1.223814876343069074e+02 7.408948505934331763e+01 1.209094792324349577e+01
1.421909302127640773e+00 1.922566267458550726e+02 4.511526997440193476e+00 6.337597760609729391e+01 4.430267972389678732e+01 7.372050495566384143e+00
1.790077753714996778e+00 7.324323025123062791e+01 2.386076272018173938e+01 3.168032388977490399e+01 2.462814252165522078e+01 4.460233812274434051e+00
2.253574373239230155e+00 2.415487836440331648e+01 2.391979378718374605e+01 1.495500182001887524e+01 1.269507888782789173e+01 2.753414960918635135e+00
2.837082045838980271e+00 1.209859138689424363e+01 3.091756641638856351e+01 7.705605206865586254e+00 6.492068419276915137e+00 1.775636633959649657e+00
3.571674682851676330e+00 7.897666714900683615e+00 1.708319987934594764e+01 4.947232906507253780e+00 3.705773555159267652e+00 1.211040791856559551e+00
4.496472020903849121e+00 5.810005948554656463e+00 1.642897869742002470e+01 3.488250944928165787e+00 2.421563035874133796e+00 8.487517789280343283e-01
5.660722890537329022e+00 4.081203557239210689e+00 1.175336516273058152e+01 2.421439487544396751e+00 1.651547086324663294e+00 5.965374558996243692e-01
7.126427896022375919e+00 2.733908886866369681e+00 8.237498787180083326e+00 1.702022844859886419e+00 1.132288881548492387e+00 4.198216401456711377e-01
8.971641173621408782e+00 1.904580234080710532e+00 5.538651686772794847e+00 1.166666976423918811e+00 7.760370874901301175e-01 2.904030202436058694e-01
1.129462705897083730e+01 1.253041141918339818e+00 3.310801309442992668e+00 7.741368306628986229e-01 5.211034463059445176e-01 1.970584448822141344e-01
1.421909302127640728e+01 8.132120077778688394e-01 2.009293740602343004e+00 5.095583046844649466e-01 3.415853985557071315e-01 1.300046371075611606e-01
1.790077753714997399e+01 5.181356390558378155e-01 1.359010151448349468e+00 3.240994344257543958e-01 2.144061898731002280e-01 8.292042922008091566e-02
2.253574373239231221e+01 3.145766448400273418e-01 7.582298949846297820e-01 1.995416232158582215e-01 1.317055900402706037e-01 5.123387735401996324e-02
2.837082045838980804e+01 1.791026127281143410e-01 3.939650202287983127e-01 1.126016663271740548e-01 7.706739840517840001e-02 2.981698589885151129e-02
3.571674682851676152e+01 9.850381434509780654e-02 2.286143302640231134e-01 6.064725663242453990e-02 4.212127999968284797e-02 1.618247878275691498e-02
4.496472020903848943e+01 5.006934362021264739e-02 1.327093255453266618e-01 3.112528353198817932e-02 2.141056967252752408e-02 8.242652094374802729e-03
5.660722890537330443e+01 2.170506312975195584e-02 3.503166995338546919e-02 1.344236913793261934e-02 1.007463685377185669e-02 3.757866020977607135e-03
7.126427896022379116e+01 8.103887830891221000e-03 1.905810080185088573e-02 4.375631806514679312e-03 3.781296832629399418e-03 1.509989773113229461e-03
8.971641173621409848e+01 5.219969561803816660e-03 1.493916920591531472e-02 3.362901718782840277e-03 2.073412651989459121e-03 8.421578951007813174e-04
