1.129462705897083669e-01 4.456710172123913799e+04 -1.000000000000000000e+00 1.311210043479532760e+04 3.131929490744621944e+03 3.488472613957097224e+02
1.421909302127640218e-01 3.068867834060541281e+04 -1.000000000000000000e+00 9.561681676479296584e+03 2.164936820237363463e+03 2.885157055890664992e+02
1.790077753714996445e-01 1.967594638160642353e+04 -1.000000000000000000e+00 6.172760668356400856e+03 1.480873139209078317e+03 2.239380239276223392e+02
2.253574373239229933e-01 1.375731890016153920e+04 -1.000000000000000000e+00 4.309431314095654670e+03 1.056352236190651183e+03 1.688434109375925800e+02
2.837082045838980049e-01 8.849194073947677680e+03 -1.000000000000000000e+00 2.740202805239384816e+03 7.416664832449664573e+02 1.264545700034444735e+02
3.571674682851676552e-01 5.556589057549607787e+03 -1.000000000000000000e+00 1.756079866696702766e+03 5.197093482122547812e+02 9.224065725922734771e+01
4.496472020903848343e-01 3.380769510149462349e+03 -1.000000000000000000e+00 1.117176605558506935e+03 3.644947671045532616e+02 6.514033369582091382e+01
5.660722890537328578e-01 2.000868205774062972e+03 -1.000000000000000000e+00 6.729434946374357196e+02 2.547286945231749655e+02 4.501314309898376109e+01
7.126427896022373698e-01 1.187599635302544357e+03 -1.000000000000000000e+00 4.211582853672312581e+02 1.739389251346442506e+02 2.984472907475188208e+01
8.971641173621407450e-01 6.761628365035022625e+02 -1.000000000000000000e+00 2.395224024676256249e+02 1.146235071126736358e+02 1.927636893871984825e+01
1.129462705897083641e+00 3.787434543401211045e+02 -1.000000000000000000e+00 1.299605198352579976e+02 7.287898804449059753e+01 1.200393371186257774e+01
1.421909302127640773e+00 2.119942256384260588e+02 4.650065126167745255e+00 6.730588631605787953e+01 4.361518031542082241e+01 7.229266776643337167e+00
1.790077753714996778e+00 7.175656675422754915e+01 5.563481020795886423e+01 3.198858012617725421e+01 2.441694562914476307e+01 4.354492793028867048e+00
2.253574373239230155e+00 2.351934197191376086e+01 3.590003701167215411e+01 1.504517814056100633e+01 1.285402931586569863e+01 2.697317407948378154e+00
2.837082045838980271e+00 1.199408539981596888e+01 2.460683803624858257e+01 7.963141546628069278e+00 6.857551429460317038e+00 1.756059348114796581e+00
3.571674682851676330e+00 8.080547791040080696e+00 2.359815560821395763e+01 4.980630832387242357e+00 4.042793366256119292e+00 1.196506971498513927e+00
4.496472020903849121e+00 5.482376798132457374e+00 1.382967202339065516e+01 3.382639841037204498e+00 2.491935620646592575e+00 8.381231972196774294e-01
5.660722890537329022e+00 3.803791803924883475e+00 1.037253218939002508e+01 2.408199511310316066e+00 1.643025625833833381e+00 5.897627693549523098e-01
7.126427896022375919e+00 2.611225304494992905e+00 7.796492265182257242e+00 1.643466498056486369e+00 1.114078245594820604e+00 4.121205080382799313e-01
8.971641173621408782e+00 1.871497161174533908e+00 5.185661462259495202e+00 1.130373675315492488e+00 7.731746755685862116e-01 2.857334595566056734e-01
1.129462705897083730e+01 1.258717202151188097e+00 3.554438257438406801e+00 7.626393767542629654e-01 5.193417349306306274e-01 1.940944114060596526e-01
1.421909302127640728e+01 7.968959461986573345e-01 2.062335298382915294e+00 4.937862910711738884e-01 3.367024817744290743e-01 1.287410119630951755e-01
1.790077753714997399e+01 5.228410349388221690e-01 1.364503326182275877e+00 3.214024705431637319e-01 2.156151805035124713e-01 8.286879997114682261e-02
2.253574373239231221e+01 3.004316237375814769e-01 6.136670031642774692e-01 1.913030558162056582e-01 1.304921925417090733e-01 5.122502364186676260e-02
2.837082045838980804e+01 1.708782944365418999e-01 3.728110391655512501e-01 1.114492726653730781e-01 7.501420736834107927e-02 2.949345119851543018e-02
3.571674682851676152e+01 9.833403135506313397e-02 1.988927146438188576e-01 6.272107938542070826e-02 4.105669228608754828e-02 1.572817771584400504e-02
4.496472020903848943e+01 4.937886273787150948e-02 1.358099403939079242e-01 3.160190571468701748e-02 1.990798503551993726e-02 7.693019689953617402e-03
5.660722890537330443e+01 1.973759559267063146e-02 5.567544866707607731e-02 1.295975540095195555e-02 8.808569752042805234e-03 3.446791915749258806e-03
7.126427896022379116e+01 7.779682342323734900e-03 2.348982707898539246e-02 4.754874695122035533e-03 3.468389747131039869e-03 1.344508236421404490e-03
8.971641173621409848e+01 4.543058009287337384e-03 9.994803557731746224e-03 2.727946168822326101e-03 2.054955034259675628e-03 7.184176448391532688e-04
