1.129462705897083669e-01 4.752488176819805085e+04 -1.000000000000000000e+00 1.322619330051312863e+04 3.171660017404901282e+03 3.504228273631008506e+02
1.421909302127640218e-01 2.991271574040487758e+04 -1.000000000000000000e+00 9.223937567783777922e+03 2.175126685449537035e+03 2.772810891931605397e+02
1.790077753714996445e-01 2.156387542836379725e+04 -1.000000000000000000e+00 6.370167748938345540e+03 1.517981341896687809e+03 2.235242703647356564e+02
2.253574373239229933e-01 1.408265109577207295e+04 -1.000000000000000000e+00 4.165624601484496452e+03 1.058651222550362490e+03 1.692310989442979974e+02
2.837082045838980049e-01 8.721425524113963547e+03 -1.000000000000000000e+00 2.824983865526212412e+03 7.351469901207625526e+02 1.272498619385152665e+02
3.571674682851676552e-01 5.713171645393867038e+03 -1.000000000000000000e+00 1.728376970088383132e+03 5.223227145934548616e+02 9.164730144562268777e+01
4.496472020903848343e-01 3.462856888380274995e+03 -1.000000000000000000e+00 1.098343106994464733e+03 3.681795983010821942e+02 6.503363926175582321e+01
5.660722890537328578e-01 2.069261881579043347e+03 -1.000000000000000000e+00 6.910541230495400669e+02 2.568272102436461068e+02 4.465247878885511312e+01
7.126427896022373698e-01 1.187532045093874558e+03 -1.000000000000000000e+00 4.217521841140050469e+02 1.728691881910286270e+02 2.984016729941152946e+01
8.971641173621407450e-01 6.768172691594684238e+02 -1.000000000000000000e+00 2.406760246276565454e+02 1.136414140491786071e+02 1.927651183269255242e+01
1.129462705897083641e+00 3.807892968185078075e+02 -1.000000000000000000e+00 1.320035890336844204e+02 7.183674565381240029e+01 1.200644029408342739e+01
1.421909302127640773e+00 2.134183424279090957e+02 2.780644355958247260e+01 6.818343669307509458e+01 4.317938438802376311e+01 7.308232131502739648e+00
1.790077753714996778e+00 7.301977890206654820e+01 4.519974962645543570e+01 3.266124318033550367e+01 2.384857468067763264e+01 4.398890349255144550e+00
2.253574373239230155e+00 2.386587009863785269e+01 3.807359794737531900e+01 1.517885703515302609e+01 1.225701719385186728e+01 2.712996232219557324e+00
2.837082045838980271e+00 1.178413999560155290e+01 2.583622122722393044e+01 7.731403064338845610e+00 6.402693680267246279e+00 1.757688340970438912e+00
3.571674682851676330e+00 8.024814630474503829e+00 2.299184101460000917e+01 5.090020054162240015e+00 3.692880737294746751e+00 1.204654290351348855e+00
4.496472020903849121e+00 5.626791499823901255e+00 1.375722361585376596e+01 3.447621616529203514e+00 2.379428907153878558e+00 8.419125521997445905e-01
5.660722890537329022e+00 3.825490679120667536e+00 1.114426625489496914e+01 2.378108418192092621e+00 1.626014630212734513e+00 5.935542955805159782e-01
7.126427896022375919e+00 2.664747400207496675e+00 8.015417955778909587e+00 1.641544348481059679e+00 1.126261801616910141e+00 4.149345532013599680e-01
8.971641173621408782e+00 1.836379388523443623e+00 4.596409248736636144e+00 1.114142819726338551e+00 7.783259978932037804e-01 2.875676465902312628e-01
1.129462705897083730e+01 1.226361944755233413e+00 3.195778022178042299e+00 7.531482677902427980e-01 5.202487584322124103e-01 1.952453981535564598e-01
1.421909302127640728e+01 7.641015436737104150e-01 1.638670230057752697e+00 4.876164520356627285e-01 3.380769265576382132e-01 1.286789882661873996e-01
1.790077753714997399e+01 4.948948287559604697e-01 1.116526029761983452e+00 3.125146103063167757e-01 2.149923305286782771e-01 8.259755752674657892e-02
2.253574373239231221e+01 3.108124021705014339e-01 7.366043532166797192e-01 1.931302026909746949e-01 1.316534230410850714e-01 5.039165671545298153e-02
2.837082045838980804e+01 1.739667438563963220e-01 3.954835038156463423e-01 1.126175464823637729e-01 7.553082724622606214e-02 2.928227407752914679e-02
3.571674682851676152e+01 1.026007047579862164e-01 2.486662709871361177e-01 6.094827315436823767e-02 4.369459099695061077e-02 1.588951727629850375e-02
4.496472020903848943e+01 4.737252330618924034e-02 9.640705827417184182e-02 2.997353376958988846e-02 2.094906763767645508e-02 8.053330766456534562e-03
5.660722890537330443e+01 2.384167124865510523e-02 4.815061909728557410e-02 1.388094188677047036e-02 9.284271302211877241e-03 3.155717044727390785e-03
7.126427896022379116e+01 8.601194795953670535e-03 2.139651449253432425e-02 4.421094925447510704e-03 3.387603941961359055e-03 1.054325723914617541e-03
8.971641173621409848e+01 5.942564109920445148e-03 1.178033274393275320e-02 3.418960278299021383e-03 2.893323175277906500e-03 9.227753879388345126e-04
