1.129462705897083252e-01 1.584338403861160441e+04 1.092877325467047740e+03 4.997417639272289307e+03 1.473098643082865919e+03 2.280159102588517896e+02
1.421909302127640495e-01 1.291913169416127494e+04 9.396001362807495525e+02 4.142583504867682677e+03 1.266020996093933718e+03 2.067241172774497784e+02
1.790077753714996722e-01 1.049365168535949306e+04 5.217318947351101315e+02 3.392042338247561474e+03 1.086986932463869380e+03 1.877565824659098155e+02
2.253574373239230766e-01 8.226315026996331653e+03 8.706294775374855135e+02 2.726758519972636350e+03 9.292950243079900474e+02 1.649744913536776494e+02
2.837082045838979494e-01 6.401160682882058609e+03 7.607070196476778392e+02 2.147543229571756910e+03 7.888754117835485431e+02 1.442550510399993300e+02
3.571674682851677107e-01 4.812668498123005520e+03 5.766221169506245587e+02 1.677913088724170848e+03 6.650271131009607188e+02 1.236465073245896917e+02
4.496472020903849454e-01 3.584949017130704306e+03 6.291709895154108381e+02 1.287795792061984685e+03 5.549831429921581503e+02 1.038501513857163872e+02
5.660722890537328578e-01 2.625814142472071126e+03 4.842114709525232001e+02 9.674933769339912715e+02 4.546285038724761307e+02 8.583896181071553144e+01
7.126427896022373698e-01 1.869345541164391079e+03 4.322942337402719772e+02 7.111848907297085134e+02 3.634537120591891153e+02 6.951252973902414567e+01
8.971641173621408560e-01 1.309315109715204244e+03 2.567858624615569170e+02 5.044122544779432928e+02 2.828616478191482315e+02 5.559283430279442939e+01
1.129462705897083863e+00 8.498643678917550233e+02 1.989696890413677579e+02 3.452154001786433923e+02 2.131073823510813554e+02 4.402485811928867321e+01
1.421909302127640107e+00 5.237972998000644793e+02 5.066598239040852150e+02 2.328133083621034132e+02 1.550640781932312109e+02 3.485561490566752241e+01
1.790077753714997000e+00 2.953569304563504829e+02 7.821093617797032493e+02 1.593756910552853583e+02 1.099615943333182315e+02 2.804047932646895092e+01
2.253574373239230155e+00 1.939610992876296791e+02 7.190090791398423562e+02 1.166843688093755560e+02 7.802928230377935392e+01 2.300043692445250443e+01
2.837082045838980715e+00 1.527380450190197507e+02 5.421587890887038839e+02 9.130107248126603281e+01 5.802233795809792127e+01 1.927657415846466549e+01
3.571674682851675886e+00 1.247248599731268257e+02 4.385898040048294888e+02 7.501623700488353563e+01 4.587277718948067218e+01 1.632435014622470959e+01
4.496472020903848232e+00 1.024600156413046079e+02 3.243714615208498344e+02 6.148626300413368284e+01 3.769607327092105464e+01 1.381981263968670071e+01
5.660722890537328134e+00 8.389279756855580672e+01 2.733125890642722879e+02 5.088971603545930122e+01 3.118112856988255643e+01 1.158637937703087495e+01
7.126427896022379471e+00 6.794285863361193378e+01 2.120531752134624526e+02 4.158384820757403588e+01 2.556137687540562098e+01 9.601591444727530344e+00
8.971641173621410559e+00 5.400890680689875722e+01 1.599840958539487588e+02 3.333697989624754143e+01 2.060518069073744840e+01 7.805395121753980092e+00
1.129462705897083374e+01 4.243344073298403174e+01 1.184856933042147205e+02 2.626997236319250462e+01 1.630641895581956646e+01 6.177481934428214139e+00
1.421909302127641261e+01 3.239202390131094234e+01 8.836299902434276987e+01 2.007181743019948073e+01 1.256890004788004767e+01 4.774111290989379697e+00
1.790077753714997044e+01 2.384822752322456196e+01 6.343806790030571108e+01 1.487614701692360519e+01 9.327192189645650444e+00 3.554902301906533779e+00
2.253574373239231576e+01 1.687552244514929711e+01 4.305890364213733790e+01 1.058987756726556206e+01 6.622530715529152623e+00 2.525642385474683671e+00
2.837082045838981159e+01 1.150858556783825293e+01 2.902052544462572925e+01 7.236927467151121895e+00 4.476583231866368529e+00 1.707626830989696254e+00
3.571674682851677574e+01 7.291587757063218156e+00 1.818675151243840205e+01 4.565750690459336347e+00 2.878923781259808745e+00 1.085689461589603333e+00
4.496472020903850364e+01 4.174337458636045106e+00 1.034436476810507699e+01 2.615928335037509544e+00 1.717500122699487486e+00 6.422984971106668883e-01
5.660722890537329732e+01 2.204359184914510994e+00 5.314928006607072319e+00 1.385201339312632118e+00 9.457171610191750233e-01 3.555735688516420412e-01
7.126427896022380537e+01 1.153397630848606692e+00 2.588862125775295731e+00 7.019536409294411250e-01 5.269346057549328943e-01 1.895817033068187829e-01
8.971641173621408427e+01 8.558487055433570134e-01 1.720895227657103455e+00 5.036243545832075341e-01 3.738141531683288332e-01 1.252199777863340080e-01
