1.098161681021442571e-01 1.390995600986616410e+04
1.313756474306238820e-01 8.816472668579806850e+03
1.571677562247646986e-01 7.793876178788643301e+03
1.880234585315471441e-01 5.957594692810091146e+03
2.249368560533914763e-01 4.635134024885898725e+03
2.690972158811498760e-01 3.717412646137509000e+03
3.219272860193173602e-01 3.394368603757340679e+03
3.851291331439712362e-01 1.757480907054266481e+03
4.607389793834576475e-01 1.107997355553557327e+03
5.511928048402257030e-01 7.206382900699767333e+02
6.594048294203067595e-01 6.216938321594728905e+02
7.888614024794167179e-01 4.197994994790583405e+02
9.437333252000414952e-01 2.566590843994616193e+02
1.129010224475225366e+00 1.727719844283460588e+02
1.350661307524994026e+00 7.625136730250478934e+01
1.615827676399540280e+00 6.263302825827096854e+01
1.933052398312241849e+00 4.450708193477571228e+01
2.312555744153963921e+00 2.220846402481527093e+01
2.766564462757856280e+00 1.748305582891669374e+01
3.309705699394847045e+00 1.751433265792298144e+01
3.959478249672542027e+00 9.310956570257204135e+00
4.736816331583935558e+00 8.685017031448873936e+00
5.666764039180140600e+00 5.349441039460331559e+00
6.779282207255706183e+00 3.714803110470326519e+00
8.110213682421658632e+00 3.088152782899376891e+00
9.702438099440888308e+00 2.120205423052116789e+00
1.160725336713610645e+01 1.539964753639999184e+00
1.388602837225586839e+01 1.239185629562784552e+00
1.661218014772003926e+01 7.717684481010993469e-01
1.987353920518250305e+01 5.304329282387022504e-01
2.377517923763501884e+01 3.591799968628157091e-01
2.844280235873973339e+01 2.387532822402702870e-01
3.402678894372883178e+01 1.151284894126563679e-01
4.070704254868536509e+01 1.018216293243396353e-01
4.869878600066603980e+01 6.307053417196660516e-02
5.825949539572377489e+01 1.604666635766720598e-02
6.969719540273428038e+01 1.590175431826334682e-02
8.338038312915901429e+01 1.505686349590704305e-02
9.974990027349940647e+01 2.377375926452119162e-03
1.193331360586353043e+02 -3.908395503340354911e-03
