1.098161681021442571e-01 -6.781553646269827368e+03
1.313756474306238820e-01 2.219345097291337879e+04
1.571677562247646986e-01 1.241642871357795593e+04
1.880234585315471441e-01 6.061604657745448094e+03
2.249368560533914763e-01 5.988350861457432075e+03
2.690972158811498760e-01 4.899695162468671697e+03
3.219272860193173602e-01 4.560046376847326428e+03
3.851291331439712362e-01 2.912075121029644833e+03
4.607389793834576475e-01 1.342388156650395103e+03
5.511928048402257030e-01 1.112405287702504211e+03
6.594048294203067595e-01 6.780957241831669080e+02
7.888614024794167179e-01 5.856740369165339644e+02
9.437333252000414952e-01 3.393117151757384136e+02
1.129010224475225366e+00 2.526375000349875961e+02
1.350661307524994026e+00 7.411007909156391804e+01
1.615827676399540280e+00 7.171825962420165013e+01
1.933052398312241849e+00 4.628393434222598302e+01
2.312555744153963921e+00 2.738720510283612342e+01
2.766564462757856280e+00 1.930673605268004067e+01
3.309705699394847045e+00 1.963203409579248060e+01
3.959478249672542027e+00 1.433681477088278555e+01
4.736816331583935558e+00 9.458506463801596098e+00
5.666764039180140600e+00 5.839036221535060633e+00
6.779282207255706183e+00 2.217811459678846298e+00
8.110213682421658632e+00 3.500610318571004242e+00
9.702438099440888308e+00 2.518716455859115300e+00
1.160725336713610645e+01 1.638348006899949638e+00
1.388602837225586839e+01 1.469113006356875362e+00
1.661218014772003926e+01 8.916016409126412690e-01
1.987353920518250305e+01 4.762345498302980595e-01
2.377517923763501884e+01 4.434187339013064277e-01
2.844280235873973339e+01 3.585302533140331538e-01
3.402678894372883178e+01 1.162601538801262546e-01
4.070704254868536509e+01 1.179402202990343651e-01
4.869878600066603980e+01 8.238760357649818622e-02
5.825949539572377489e+01 1.686185259207281057e-03
6.969719540273428038e+01 1.831466388778607568e-02
8.338038312915901429e+01 9.775336009647174473e-03
9.974990027349940647e+01 -8.157007503391235570e-04
1.193331360586353043e+02 3.383581651698152454e-04
